0 1 1
1 3 1
3 8229 1
4 5 1
5 7 1
7 408 1
8 9 1
9 11 1
11 572 1
12 13 1
13 15 1
15 416 1
16 17 1
17 19 1
19 424 1
20 21 1
21 23 1
23 8229 1
24 25 1
25 27 1
27 420 1
28 29 1
29 31 1
31 436 1
32 33 1
33 35 1
35 432 1
36 37 1
37 39 1
39 8229 1
40 41 1
41 43 1
43 440 1
44 45 1
45 47 1
47 444 1
48 49 1
49 51 1
51 8229 1
52 53 1
53 55 1
55 460 1
56 57 1
57 59 1
59 468 1
60 61 1
61 63 1
63 712 1
64 65 1
65 67 1
67 476 1
68 69 1
69 71 1
71 480 1
72 73 1
73 75 1
75 716 1
76 77 1
77 79 1
79 484 1
80 81 1
81 83 1
83 720 1
84 85 1
85 87 1
87 500 1
88 89 1
89 91 1
91 8229 1
92 93 1
93 95 1
95 504 1
96 97 1
97 99 1
99 512 1
100 101 1
101 103 1
103 508 1
104 105 1
105 107 1
107 520 1
108 109 1
109 111 1
111 516 1
112 113 1
113 115 1
115 528 1
116 117 1
117 119 1
119 524 1
120 121 1
121 123 1
123 544 1
124 125 1
125 127 1
127 548 1
128 129 1
129 131 1
131 552 1
132 133 1
133 135 1
135 540 1
136 137 1
137 139 1
139 560 1
140 141 1
141 143 1
143 8229 1
144 145 1
145 147 1
147 8229 1
148 149 1
149 151 1
151 412 1
152 153 1
153 155 1
155 448 1
156 157 1
157 159 1
159 428 1
160 161 1
161 163 1
163 576 1
168 169 1
169 171 1
171 596 1
172 173 1
173 175 1
175 600 1
176 177 1
177 179 1
179 604 1
180 181 1
181 183 1
183 608 1
184 185 1
185 187 1
187 612 1
188 189 1
189 191 1
191 616 1
192 193 1
193 195 1
195 472 1
196 197 1
197 199 1
199 620 1
200 201 1
201 203 1
203 496 1
204 205 1
205 207 1
207 556 1
208 209 1
208 210 2
209 211 1
210 211 2
211 624 1
211 628 1
211 636 1
212 213 1
213 215 1
215 648 1
216 217 1
217 219 1
219 644 1
220 221 1
221 223 1
223 656 1
224 225 1
225 227 1
227 660 1
228 229 1
229 231 1
231 672 1
232 233 1
233 235 1
235 676 1
236 237 1
237 239 1
239 456 1
240 241 1
241 243 1
243 664 1
244 245 1
245 247 1
247 668 1
248 249 1
249 251 1
251 452 1
252 253 1
253 255 1
255 464 1
256 257 1
257 259 1
259 692 1
260 261 1
261 263 1
263 696 1
264 265 1
265 267 1
267 700 1
268 269 1
269 271 1
271 492 1
272 273 1
273 275 1
275 704 1
276 277 1
277 279 1
279 736 1
280 281 1
281 283 1
283 488 1
284 285 1
285 287 1
287 8229 1
288 289 1
289 291 1
291 8229 1
292 293 1
293 295 1
295 724 1
296 297 1
297 299 1
299 728 1
300 301 1
301 303 1
303 732 1
304 305 1
305 307 1
307 740 1
308 309 1
309 311 1
311 752 1
312 313 1
313 315 1
315 756 1
316 317 1
317 319 1
319 760 1
320 321 1
321 323 1
323 764 1
324 325 1
325 327 1
327 536 1
328 329 1
329 331 1
331 776 1
332 333 1
333 335 1
335 780 1
336 337 1
337 339 1
339 632 1
340 341 1
341 343 1
343 640 1
344 345 1
345 347 1
347 788 1
348 349 1
349 351 1
351 588 1
352 353 1
353 355 1
355 584 1
356 357 1
357 359 1
359 592 1
360 361 1
361 363 1
363 768 1
364 365 1
365 367 1
367 772 1
368 369 1
369 371 1
371 792 1
372 373 1
373 375 1
375 796 1
376 377 1
377 379 1
379 684 1
380 381 1
381 383 1
383 688 1
384 385 1
385 387 1
387 744 1
388 389 1
389 391 1
391 748 1
392 393 1
393 395 1
395 800 1
396 397 1
397 399 1
399 804 1
400 401 1
401 403 1
403 8229 1
404 405 1
405 407 1
407 8229 1
408 409 1
409 411 1
411 812 1
412 413 1
413 415 1
415 820 1
416 417 1
417 419 1
419 824 1
420 421 1
421 423 1
423 972 1
424 425 1
425 427 1
427 828 1
428 429 1
429 431 1
431 832 1
432 433 1
433 435 1
435 984 1
436 437 1
437 439 1
439 836 1
440 441 1
441 443 1
443 840 1
444 445 1
445 447 1
447 848 1
448 449 1
449 451 1
451 844 1
452 453 1
453 455 1
455 852 1
456 457 1
457 459 1
459 856 1
460 461 1
461 463 1
463 860 1
464 465 1
465 467 1
467 1052 1
468 469 1
469 471 1
471 868 1
472 473 1
473 475 1
475 876 1
476 477 1
477 479 1
479 1072 1
480 481 1
481 483 1
483 880 1
484 485 1
485 487 1
487 884 1
488 489 1
489 491 1
491 1076 1
492 493 1
493 495 1
495 888 1
496 497 1
497 499 1
499 896 1
500 501 1
501 503 1
503 892 1
504 505 1
505 507 1
507 900 1
508 509 1
509 511 1
511 908 1
512 513 1
513 515 1
515 904 1
516 517 1
517 519 1
519 1132 1
520 521 1
521 523 1
523 920 1
524 525 1
525 527 1
527 1136 1
528 529 1
529 531 1
531 912 1
532 533 1
533 535 1
535 8229 1
536 537 1
537 539 1
539 916 1
540 541 1
541 543 1
543 936 1
544 545 1
545 547 1
547 924 1
548 549 1
549 551 1
551 932 1
552 553 1
553 555 1
555 8229 1
556 557 1
557 559 1
559 8229 1
560 561 1
561 563 1
563 940 1
564 565 1
565 567 1
567 952 1
568 569 1
569 571 1
571 8229 1
572 573 1
573 575 1
575 816 1
576 577 1
577 579 1
579 980 1
580 581 1
581 583 1
583 976 1
584 585 1
585 587 1
587 988 1
588 589 1
589 591 1
591 1156 1
592 593 1
593 595 1
595 992 1
596 597 1
597 599 1
599 996 1
600 601 1
601 603 1
603 1000 1
604 605 1
605 607 1
607 1004 1
608 609 1
609 611 1
611 1008 1
612 613 1
613 615 1
615 1012 1
616 617 1
617 619 1
619 1164 1
620 621 1
621 623 1
623 1168 1
624 625 1
625 627 1
627 1020 1
628 629 1
629 631 1
631 1024 1
632 633 1
633 635 1
635 1172 1
636 637 1
637 639 1
639 864 1
640 641 1
641 643 1
643 1176 1
644 645 1
645 647 1
647 1032 1
648 649 1
649 651 1
651 1028 1
656 657 1
657 659 1
659 1140 1
660 661 1
661 663 1
663 1144 1
664 665 1
665 667 1
667 1036 1
668 669 1
669 671 1
671 1040 1
672 673 1
673 675 1
675 1044 1
676 677 1
677 679 1
679 1048 1
684 685 1
685 687 1
687 1068 1
688 689 1
689 691 1
691 8229 1
692 693 1
693 695 1
695 1064 1
696 697 1
697 699 1
699 8229 1
700 701 1
701 703 1
703 1016 1
704 705 1
705 707 1
707 1188 1
712 713 1
713 715 1
715 872 1
716 717 1
717 719 1
719 1084 1
720 721 1
721 723 1
723 1088 1
724 725 1
725 727 1
727 1092 1
728 729 1
729 731 1
731 1096 1
732 733 1
733 735 1
735 1100 1
736 737 1
737 739 1
739 1104 1
740 741 1
741 743 1
743 8229 1
744 745 1
745 747 1
747 1124 1
748 749 1
749 751 1
751 1128 1
752 753 1
753 755 1
755 1108 1
756 757 1
757 759 1
759 1112 1
760 761 1
761 763 1
763 1116 1
764 765 1
765 767 1
767 1120 1
768 769 1
769 771 1
771 1056 1
772 773 1
773 775 1
775 1060 1
776 777 1
777 779 1
779 1148 1
780 781 1
781 783 1
783 1152 1
788 789 1
789 791 1
791 1160 1
792 793 1
793 795 1
795 1180 1
796 797 1
797 799 1
799 1184 1
800 801 1
801 803 1
803 1080 1
804 805 1
805 807 1
807 1192 1
808 809 1
809 811 1
811 8229 1
812 813 1
813 815 1
815 1208 1
816 817 1
817 819 1
819 1216 1
820 821 1
821 823 1
823 1360 1
824 825 1
825 827 1
827 1224 1
828 829 1
829 831 1
831 1220 1
832 833 1
833 835 1
835 1380 1
836 837 1
837 839 1
839 1228 1
840 841 1
841 843 1
843 1236 1
844 845 1
845 847 1
847 1364 1
848 849 1
849 851 1
851 1240 1
852 853 1
853 855 1
855 1476 1
856 857 1
857 859 1
859 1248 1
860 861 1
861 863 1
863 1256 1
864 865 1
865 867 1
867 1260 1
868 869 1
869 871 1
871 1268 1
872 873 1
873 875 1
875 1280 1
876 877 1
877 879 1
879 1272 1
880 881 1
881 883 1
883 1276 1
884 885 1
885 887 1
887 1292 1
888 889 1
889 891 1
891 1308 1
892 893 1
893 895 1
895 1316 1
896 897 1
897 899 1
899 1312 1
900 901 1
901 903 1
903 1324 1
904 905 1
905 907 1
907 1508 1
908 909 1
909 911 1
911 1560 1
912 913 1
913 915 1
915 1564 1
916 917 1
917 919 1
919 1540 1
920 921 1
921 923 1
923 1328 1
924 925 1
925 927 1
927 1336 1
928 929 1
929 931 1
931 8229 1
932 933 1
933 935 1
935 1332 1
936 937 1
937 939 1
939 1344 1
940 941 1
941 943 1
943 1348 1
944 945 1
945 947 1
947 1352 1
948 949 1
949 951 1
951 8229 1
952 953 1
953 955 1
955 8229 1
956 957 1
957 959 1
959 8229 1
960 961 1
961 963 1
963 1200 1
964 965 1
965 967 1
967 1204 1
972 973 1
973 975 1
975 1212 1
976 977 1
977 979 1
979 8229 1
980 981 1
981 983 1
983 1384 1
984 985 1
985 987 1
987 1232 1
988 989 1
989 991 1
991 1392 1
992 993 1
993 995 1
995 1396 1
996 997 1
997 999 1
999 1400 1
1000 1001 1
1001 1003 1
1003 1404 1
1004 1005 1
1005 1007 1
1007 1408 1
1008 1009 1
1009 1011 1
1011 1412 1
1012 1013 1
1013 1015 1
1015 1416 1
1016 1017 1
1017 1019 1
1019 1264 1
1020 1021 1
1021 1023 1
1023 1440 1
1024 1025 1
1025 1027 1
1027 1444 1
1028 1029 1
1029 1031 1
1031 1452 1
1032 1033 1
1033 1035 1
1035 1460 1
1036 1037 1
1037 1039 1
1039 1432 1
1040 1041 1
1041 1043 1
1043 1436 1
1044 1045 1
1045 1047 1
1047 1464 1
1048 1049 1
1049 1051 1
1051 8229 1
1052 1053 1
1053 1055 1
1055 1480 1
1056 1057 1
1057 1059 1
1059 1468 1
1060 1061 1
1061 1063 1
1063 1472 1
1064 1065 1
1065 1067 1
1067 1484 1
1068 1069 1
1069 1071 1
1071 1488 1
1072 1073 1
1073 1075 1
1075 1284 1
1076 1077 1
1077 1079 1
1079 1300 1
1080 1081 1
1081 1083 1
1083 1496 1
1084 1085 1
1085 1087 1
1087 1296 1
1088 1089 1
1089 1091 1
1091 1304 1
1092 1093 1
1093 1095 1
1095 1584 1
1096 1097 1
1097 1099 1
1099 1504 1
1100 1101 1
1101 1103 1
1103 1588 1
1104 1105 1
1105 1107 1
1107 1340 1
1108 1109 1
1109 1111 1
1111 1520 1
1112 1113 1
1113 1115 1
1115 1524 1
1116 1117 1
1117 1119 1
1119 1528 1
1120 1121 1
1121 1123 1
1123 1532 1
1124 1125 1
1125 1127 1
1127 1536 1
1128 1129 1
1129 1131 1
1131 1544 1
1132 1133 1
1133 1135 1
1135 1512 1
1136 1137 1
1137 1139 1
1139 1516 1
1140 1141 1
1141 1143 1
1143 1552 1
1144 1145 1
1145 1147 1
1147 1556 1
1148 1149 1
1149 1151 1
1151 1368 1
1152 1153 1
1153 1155 1
1155 1372 1
1156 1157 1
1157 1159 1
1159 1572 1
1160 1161 1
1161 1163 1
1163 1568 1
1164 1165 1
1165 1167 1
1167 1576 1
1168 1169 1
1169 1171 1
1171 1420 1
1172 1173 1
1173 1175 1
1175 1448 1
1176 1177 1
1177 1179 1
1179 1456 1
1180 1181 1
1181 1183 1
1183 1424 1
1184 1185 1
1185 1187 1
1187 1428 1
1188 1189 1
1189 1191 1
1191 1492 1
1192 1193 1
1193 1195 1
1195 1500 1
1196 1197 1
1197 1199 1
1199 8229 1
1200 1201 1
1201 1203 1
1203 1752 1
1204 1205 1
1205 1207 1
1207 8229 1
1208 1209 1
1209 1211 1
1211 1592 1
1212 1213 1
1213 1215 1
1215 1756 1
1216 1217 1
1217 1219 1
1219 1596 1
1220 1221 1
1221 1223 1
1223 1604 1
1224 1225 1
1225 1227 1
1227 1612 1
1228 1229 1
1229 1231 1
1231 1616 1
1232 1233 1
1233 1235 1
1235 1620 1
1236 1237 1
1237 1239 1
1239 1624 1
1240 1241 1
1241 1243 1
1243 1636 1
1244 1245 1
1245 1247 1
1247 8229 1
1248 1249 1
1249 1251 1
1251 1648 1
1252 1253 1
1253 1255 1
1255 8229 1
1256 1257 1
1257 1259 1
1259 1652 1
1260 1261 1
1261 1263 1
1263 1872 1
1264 1265 1
1265 1267 1
1267 1820 1
1268 1269 1
1269 1271 1
1271 1668 1
1272 1273 1
1273 1275 1
1275 8229 1
1276 1277 1
1277 1279 1
1279 1936 1
1280 1281 1
1281 1283 1
1283 1672 1
1284 1285 1
1285 1287 1
1287 1676 1
1292 1293 1
1293 1295 1
1295 1940 1
1296 1297 1
1297 1299 1
1299 1680 1
1300 1301 1
1301 1303 1
1303 1684 1
1304 1305 1
1305 1307 1
1307 1688 1
1308 1309 1
1309 1311 1
1311 1692 1
1312 1313 1
1313 1315 1
1315 1700 1
1316 1317 1
1317 1319 1
1319 1696 1
1324 1325 1
1325 1327 1
1327 1712 1
1328 1329 1
1329 1331 1
1331 1716 1
1332 1333 1
1333 1335 1
1335 1724 1
1336 1337 1
1337 1339 1
1339 1732 1
1340 1341 1
1341 1343 1
1343 1904 1
1344 1345 1
1345 1347 1
1347 1736 1
1348 1349 1
1349 1351 1
1351 1740 1
1352 1353 1
1353 1355 1
1355 1744 1
1360 1361 1
1361 1363 1
1363 1600 1
1364 1365 1
1365 1367 1
1367 1640 1
1368 1369 1
1369 1371 1
1371 8229 1
1372 1373 1
1373 1375 1
1375 1760 1
1380 1381 1
1381 1383 1
1383 1608 1
1384 1385 1
1385 1387 1
1387 1768 1
1392 1393 1
1393 1395 1
1395 1780 1
1396 1397 1
1397 1399 1
1399 1792 1
1400 1401 1
1401 1403 1
1403 1796 1
1404 1405 1
1405 1407 1
1407 1800 1
1408 1409 1
1409 1411 1
1411 1804 1
1412 1413 1
1413 1415 1
1415 1808 1
1416 1417 1
1417 1419 1
1419 1812 1
1420 1421 1
1421 1423 1
1423 1948 1
1424 1425 1
1425 1427 1
1427 1836 1
1428 1429 1
1429 1431 1
1431 1840 1
1432 1433 1
1433 1435 1
1435 1844 1
1436 1437 1
1437 1439 1
1439 1848 1
1440 1441 1
1441 1443 1
1443 1824 1
1444 1445 1
1445 1447 1
1447 1828 1
1448 1449 1
1449 1451 1
1451 1952 1
1452 1453 1
1453 1455 1
1455 1832 1
1456 1457 1
1457 1459 1
1459 1956 1
1460 1461 1
1461 1463 1
1463 1664 1
1464 1465 1
1465 1467 1
1467 1852 1
1468 1469 1
1469 1471 1
1471 1864 1
1472 1473 1
1473 1475 1
1475 1868 1
1476 1477 1
1477 1479 1
1479 1644 1
1480 1481 1
1481 1483 1
1483 1860 1
1484 1485 1
1485 1487 1
1487 8229 1
1488 1489 1
1489 1491 1
1491 1656 1
1492 1493 1
1493 1495 1
1495 1876 1
1496 1497 1
1497 1499 1
1499 1880 1
1500 1501 1
1501 1503 1
1503 1884 1
1504 1505 1
1505 1507 1
1507 1900 1
1508 1509 1
1509 1511 1
1511 1888 1
1512 1513 1
1513 1515 1
1515 1892 1
1516 1517 1
1517 1519 1
1519 1896 1
1520 1521 1
1521 1523 1
1523 1920 1
1524 1525 1
1525 1527 1
1527 1924 1
1528 1529 1
1529 1531 1
1531 1928 1
1532 1533 1
1533 1535 1
1535 1932 1
1536 1537 1
1537 1539 1
1539 1912 1
1540 1541 1
1541 1543 1
1543 1728 1
1544 1545 1
1545 1547 1
1547 1916 1
1552 1553 1
1553 1555 1
1555 1632 1
1556 1557 1
1557 1559 1
1559 1660 1
1560 1561 1
1561 1563 1
1563 1708 1
1564 1565 1
1565 1567 1
1567 1720 1
1568 1569 1
1569 1571 1
1571 1776 1
1572 1573 1
1573 1575 1
1575 1784 1
1576 1577 1
1577 1579 1
1579 1944 1
1584 1585 1
1585 1587 1
1587 1960 1
1588 1589 1
1589 1591 1
1591 1964 1
1592 1593 1
1593 1595 1
1595 1972 1
1596 1597 1
1597 1599 1
1599 1980 1
1600 1601 1
1601 1603 1
1603 1984 1
1604 1605 1
1605 1607 1
1607 1992 1
1608 1609 1
1609 1611 1
1611 1996 1
1612 1613 1
1613 1615 1
1615 2132 1
1616 1617 1
1617 1619 1
1619 2000 1
1620 1621 1
1621 1623 1
1623 2004 1
1624 1625 1
1625 1627 1
1627 2012 1
1632 1633 1
1633 1635 1
1635 2188 1
1636 1637 1
1637 1639 1
1639 2024 1
1640 1641 1
1641 1643 1
1643 2020 1
1644 1645 1
1645 1647 1
1647 2220 1
1648 1649 1
1649 1651 1
1651 2172 1
1652 1653 1
1653 1655 1
1655 2036 1
1656 1657 1
1657 1659 1
1659 2032 1
1660 1661 1
1661 1663 1
1663 2192 1
1664 1665 1
1665 1667 1
1667 2208 1
1668 1669 1
1669 1671 1
1671 2052 1
1672 1673 1
1673 1675 1
1675 2056 1
1676 1677 1
1677 1679 1
1679 2240 1
1680 1681 1
1681 1683 1
1683 2244 1
1684 1685 1
1685 1687 1
1687 2072 1
1688 1689 1
1689 1691 1
1691 2248 1
1692 1693 1
1693 1695 1
1695 2068 1
1696 1697 1
1697 1699 1
1699 2076 1
1700 1701 1
1701 1703 1
1703 2080 1
1708 1709 1
1709 1711 1
1711 2084 1
1712 1713 1
1713 1715 1
1715 2088 1
1716 1717 1
1717 1719 1
1719 2268 1
1720 1721 1
1721 1723 1
1723 2092 1
1724 1725 1
1725 1727 1
1727 2272 1
1728 1729 1
1729 1731 1
1731 2300 1
1732 1733 1
1733 1735 1
1735 2104 1
1736 1737 1
1737 1739 1
1739 2108 1
1740 1741 1
1741 1743 1
1743 2308 1
1744 1745 1
1745 1747 1
1747 2312 1
1748 1749 1
1749 1751 1
1751 8229 1
1752 1753 1
1753 1755 1
1755 2112 1
1756 1757 1
1757 1759 1
1759 1976 1
1760 1761 1
1761 1763 1
1763 2120 1
1764 1765 1
1765 1767 1
1767 2128 1
1768 1769 1
1769 1771 1
1771 1988 1
1776 1777 1
1777 1779 1
1779 2148 1
1780 1781 1
1781 1783 1
1783 2152 1
1784 1785 1
1785 1787 1
1787 2156 1
1792 1793 1
1793 1795 1
1795 2160 1
1796 1797 1
1797 1799 1
1799 2136 1
1800 1801 1
1801 1803 1
1803 2140 1
1804 1805 1
1805 1807 1
1807 2028 1
1808 1809 1
1809 1811 1
1811 2144 1
1812 1813 1
1813 1815 1
1815 2164 1
1816 1817 1
1817 1819 1
1819 2176 1
1820 1821 1
1821 1823 1
1823 2180 1
1824 1825 1
1825 1827 1
1827 2200 1
1828 1829 1
1829 1831 1
1831 2204 1
1832 1833 1
1833 1835 1
1835 2040 1
1836 1837 1
1837 1839 1
1839 2324 1
1840 1841 1
1841 1843 1
1843 2328 1
1844 1845 1
1845 1847 1
1847 2044 1
1848 1849 1
1849 1851 1
1851 2196 1
1852 1853 1
1853 1855 1
1855 2212 1
1856 1857 1
1857 1859 1
1859 2316 1
1860 1861 1
1861 1863 1
1863 2320 1
1864 1865 1
1865 1867 1
1867 8229 1
1868 1869 1
1869 1871 1
1871 2216 1
1872 1873 1
1873 1875 1
1875 2048 1
1876 1877 1
1877 1879 1
1879 2224 1
1880 1881 1
1881 1883 1
1883 2228 1
1884 1885 1
1885 1887 1
1887 2232 1
1888 1889 1
1889 1891 1
1891 2264 1
1892 1893 1
1893 1895 1
1895 2096 1
1896 1897 1
1897 1899 1
1899 2100 1
1900 1901 1
1901 1903 1
1903 2256 1
1904 1905 1
1905 1907 1
1907 2236 1
1912 1913 1
1913 1915 1
1915 2296 1
1916 1917 1
1917 1919 1
1919 2304 1
1920 1921 1
1921 1923 1
1923 2280 1
1924 1925 1
1925 1927 1
1927 2284 1
1928 1929 1
1929 1931 1
1931 2288 1
1932 1933 1
1933 1935 1
1935 2292 1
1936 1937 1
1937 1939 1
1939 2340 1
1940 1941 1
1941 1943 1
1943 2344 1
1944 1945 1
1945 1947 1
1947 2168 1
1948 1949 1
1949 1951 1
1951 2184 1
1952 1953 1
1953 1955 1
1955 2332 1
1956 1957 1
1957 1959 1
1959 2336 1
1960 1961 1
1961 1963 1
1963 2252 1
1964 1965 1
1965 1967 1
1967 2260 1
1968 1969 1
1969 1971 1
1971 2356 1
1972 1973 1
1973 1975 1
1975 2360 1
1976 1977 1
1977 1979 1
1979 2364 1
1980 1981 1
1981 1983 1
1983 2480 1
1984 1985 1
1985 1987 1
1987 2492 1
1988 1989 1
1989 1991 1
1991 2504 1
1992 1993 1
1993 1995 1
1995 2368 1
1996 1997 1
1997 1999 1
1999 2500 1
2000 2001 1
2001 2003 1
2003 2380 1
2004 2005 1
2005 2007 1
2007 2508 1
2008 2009 1
2009 2011 1
2011 8229 1
2012 2013 1
2013 2015 1
2015 2384 1
2016 2017 1
2017 2019 1
2019 8229 1
2020 2021 1
2021 2023 1
2023 2496 1
2024 2025 1
2025 2027 1
2027 2388 1
2028 2029 1
2029 2031 1
2031 2524 1
2032 2033 1
2033 2035 1
2035 2404 1
2036 2037 1
2037 2039 1
2039 2408 1
2040 2041 1
2041 2043 1
2043 2540 1
2044 2045 1
2045 2047 1
2047 2576 1
2048 2049 1
2049 2051 1
2051 2588 1
2052 2053 1
2053 2055 1
2055 2424 1
2056 2057 1
2057 2059 1
2059 2432 1
2060 2061 1
2061 2063 1
2063 2436 1
2064 2065 1
2065 2067 1
2067 8229 1
2068 2069 1
2069 2071 1
2071 2440 1
2072 2073 1
2073 2075 1
2075 8229 1
2076 2077 1
2077 2079 1
2079 2428 1
2080 2081 1
2081 2083 1
2083 2444 1
2084 2085 1
2085 2087 1
2087 2448 1
2088 2089 1
2089 2091 1
2091 2452 1
2092 2093 1
2093 2095 1
2095 8229 1
2096 2097 1
2097 2099 1
2099 2612 1
2100 2101 1
2101 2103 1
2103 2460 1
2104 2105 1
2105 2107 1
2107 2468 1
2108 2109 1
2109 2111 1
2111 2472 1
2112 2113 1
2113 2115 1
2115 8229 1
2116 2117 1
2117 2119 1
2119 2348 1
2120 2121 1
2121 2123 1
2123 2488 1
2128 2129 1
2129 2131 1
2131 2484 1
2132 2133 1
2133 2135 1
2135 2372 1
2136 2137 1
2137 2139 1
2139 2516 1
2140 2141 1
2141 2143 1
2143 2520 1
2144 2145 1
2145 2147 1
2147 2400 1
2148 2149 1
2149 2151 1
2151 2668 1
2152 2153 1
2153 2155 1
2155 2672 1
2156 2157 1
2157 2159 1
2159 2512 1
2160 2161 1
2161 2163 1
2163 8229 1
2164 2165 1
2165 2167 1
2167 2528 1
2168 2169 1
2169 2171 1
2171 2676 1
2172 2173 1
2173 2175 1
2175 2396 1
2176 2177 1
2177 2179 1
2179 8229 1
2180 2181 1
2181 2183 1
2183 2536 1
2184 2185 1
2185 2187 1
2187 2680 1
2188 2189 1
2189 2191 1
2191 2392 1
2192 2193 1
2193 2195 1
2195 2412 1
2196 2197 1
2197 2199 1
2199 2692 1
2200 2201 1
2201 2203 1
2203 2704 1
2204 2205 1
2205 2207 1
2207 2708 1
2208 2209 1
2209 2211 1
2211 2416 1
2212 2213 1
2213 2215 1
2215 2548 1
2216 2217 1
2217 2219 1
2219 2568 1
2220 2221 1
2221 2223 1
2223 2580 1
2224 2225 1
2225 2227 1
2227 2696 1
2228 2229 1
2229 2231 1
2231 8229 1
2232 2233 1
2233 2235 1
2235 2700 1
2236 2237 1
2237 2239 1
2239 2624 1
2240 2241 1
2241 2243 1
2243 2596 1
2244 2245 1
2245 2247 1
2247 2600 1
2248 2249 1
2249 2251 1
2251 2604 1
2252 2253 1
2253 2255 1
2255 2616 1
2256 2257 1
2257 2259 1
2259 2620 1
2260 2261 1
2261 2263 1
2263 2628 1
2264 2265 1
2265 2267 1
2267 2608 1
2268 2269 1
2269 2271 1
2271 2456 1
2272 2273 1
2273 2275 1
2275 2660 1
2276 2277 1
2277 2279 1
2279 2664 1
2280 2281 1
2281 2283 1
2283 2632 1
2284 2285 1
2285 2287 1
2287 2636 1
2288 2289 1
2289 2291 1
2291 2640 1
2292 2293 1
2293 2295 1
2295 2644 1
2296 2297 1
2297 2299 1
2299 2648 1
2300 2301 1
2301 2303 1
2303 2652 1
2304 2305 1
2305 2307 1
2307 2656 1
2308 2309 1
2309 2311 1
2311 2464 1
2312 2313 1
2313 2315 1
2315 2476 1
2316 2317 1
2317 2319 1
2319 2552 1
2320 2321 1
2321 2323 1
2323 2556 1
2324 2325 1
2325 2327 1
2327 2688 1
2328 2329 1
2329 2331 1
2331 2572 1
2332 2333 1
2333 2335 1
2335 2684 1
2336 2337 1
2337 2339 1
2339 2544 1
2340 2341 1
2341 2343 1
2343 8229 1
2344 2345 1
2345 2347 1
2347 2584 1
2348 2349 1
2349 2351 1
2351 8229 1
2352 2353 1
2353 2355 1
2355 8229 1
2356 2357 1
2357 2359 1
2359 8229 1
2360 2361 1
2361 2363 1
2363 8229 1
2364 2365 1
2365 2367 1
2367 2904 1
2368 2369 1
2369 2371 1
2371 2736 1
2372 2373 1
2373 2375 1
2375 2924 1
2376 2377 1
2377 2379 1
2379 8229 1
2380 2381 1
2381 2383 1
2383 2760 1
2384 2385 1
2385 2387 1
2387 2768 1
2388 2389 1
2389 2391 1
2391 2780 1
2392 2393 1
2393 2395 1
2395 2776 1
2396 2397 1
2397 2399 1
2399 2972 1
2400 2401 1
2401 2403 1
2403 2940 1
2404 2405 1
2405 2407 1
2407 2792 1
2408 2409 1
2409 2411 1
2411 8229 1
2412 2413 1
2413 2415 1
2415 8229 1
2416 2417 1
2417 2419 1
2419 2996 1
2420 2421 1
2421 2423 1
2423 8229 1
2424 2425 1
2425 2427 1
2427 2808 1
2428 2429 1
2429 2431 1
2431 2812 1
2432 2433 1
2433 2435 1
2435 2820 1
2436 2437 1
2437 2439 1
2439 2828 1
2440 2441 1
2441 2443 1
2443 2832 1
2444 2445 1
2445 2447 1
2447 2840 1
2448 2449 1
2449 2451 1
2451 3040 1
2452 2453 1
2453 2455 1
2455 2868 1
2456 2457 1
2457 2459 1
2459 3052 1
2460 2461 1
2461 2463 1
2463 2876 1
2464 2465 1
2465 2467 1
2467 2880 1
2468 2469 1
2469 2471 1
2471 2888 1
2472 2473 1
2473 2475 1
2475 3076 1
2476 2477 1
2477 2479 1
2479 2892 1
2480 2481 1
2481 2483 1
2483 2916 1
2484 2485 1
2485 2487 1
2487 8229 1
2488 2489 1
2489 2491 1
2491 2908 1
2492 2493 1
2493 2495 1
2495 2740 1
2496 2497 1
2497 2499 1
2499 2784 1
2500 2501 1
2501 2503 1
2503 2920 1
2504 2505 1
2505 2507 1
2507 2764 1
2508 2509 1
2509 2511 1
2511 2944 1
2512 2513 1
2513 2515 1
2515 3164 1
2516 2517 1
2517 2519 1
2519 2928 1
2520 2521 1
2521 2523 1
2523 2932 1
2524 2525 1
2525 2527 1
2527 2936 1
2528 2529 1
2529 2531 1
2531 2968 1
2536 2537 1
2537 2539 1
2539 2984 1
2540 2541 1
2541 2543 1
2543 2800 1
2544 2545 1
2545 2547 1
2547 2992 1
2548 2549 1
2549 2551 1
2551 3008 1
2552 2553 1
2553 2555 1
2555 3012 1
2556 2557 1
2557 2559 1
2559 3016 1
2568 2569 1
2569 2571 1
2571 3024 1
2572 2573 1
2573 2575 1
2575 3000 1
2576 2577 1
2577 2579 1
2579 3004 1
2580 2581 1
2581 2583 1
2583 2788 1
2584 2585 1
2585 2587 1
2587 2824 1
2588 2589 1
2589 2591 1
2591 2804 1
2592 2593 1
2593 2595 1
2595 3028 1
2596 2597 1
2597 2599 1
2599 3032 1
2600 2601 1
2601 2603 1
2603 3036 1
2604 2605 1
2605 2607 1
2607 2836 1
2608 2609 1
2609 2611 1
2611 3056 1
2612 2613 1
2613 2615 1
2615 3060 1
2616 2617 1
2617 2619 1
2619 3064 1
2620 2621 1
2621 2623 1
2623 3068 1
2624 2625 1
2625 2627 1
2627 3072 1
2628 2629 1
2629 2631 1
2631 3084 1
2632 2633 1
2633 2635 1
2635 3104 1
2636 2637 1
2637 2639 1
2639 3108 1
2640 2641 1
2641 2643 1
2643 3112 1
2644 2645 1
2645 2647 1
2647 3116 1
2648 2649 1
2649 2651 1
2651 3088 1
2652 2653 1
2653 2655 1
2655 3096 1
2656 2657 1
2657 2659 1
2659 3092 1
2660 2661 1
2661 2663 1
2663 3152 1
2664 2665 1
2665 2667 1
2667 3156 1
2668 2669 1
2669 2671 1
2671 2948 1
2672 2673 1
2673 2675 1
2675 2956 1
2676 2677 1
2677 2679 1
2679 2976 1
2680 2681 1
2681 2683 1
2683 2980 1
2684 2685 1
2685 2687 1
2687 2988 1
2688 2689 1
2689 2691 1
2691 3136 1
2692 2693 1
2693 2695 1
2695 3140 1
2696 2697 1
2697 2699 1
2699 3144 1
2700 2701 1
2701 2703 1
2703 3148 1
2704 2705 1
2705 2707 1
2707 3168 1
2708 2709 1
2709 2711 1
2711 3172 1
2712 2713 1
2713 2715 1
2715 8229 1
2716 2717 1
2717 2719 1
2719 8229 1
2720 2721 1
2721 2723 1
2723 3180 1
2724 2725 1
2725 2727 1
2727 3184 1
2728 2729 1
2729 2731 1
2731 3380 1
2732 2733 1
2733 2735 1
2735 3188 1
2736 2737 1
2737 2739 1
2739 3200 1
2740 2741 1
2741 2743 1
2743 3388 1
2744 2745 1
2745 2747 1
2747 3192 1
2748 2749 1
2749 2751 1
2751 3196 1
2752 2753 1
2753 2755 1
2755 8229 1
2756 2757 1
2757 2759 1
2759 8229 1
2760 2761 1
2761 2763 1
2763 3224 1
2764 2765 1
2765 2767 1
2767 3420 1
2768 2769 1
2769 2771 1
2771 3228 1
2772 2773 1
2773 2775 1
2775 8229 1
2776 2777 1
2777 2779 1
2779 3232 1
2780 2781 1
2781 2783 1
2783 3236 1
2784 2785 1
2785 2787 1
2787 3240 1
2788 2789 1
2789 2791 1
2791 3248 1
2792 2793 1
2793 2795 1
2795 3256 1
2796 2797 1
2797 2799 1
2799 3260 1
2800 2801 1
2801 2803 1
2803 3272 1
2804 2805 1
2805 2807 1
2807 3268 1
2808 2809 1
2809 2811 1
2811 3288 1
2812 2813 1
2813 2815 1
2815 3264 1
2816 2817 1
2817 2819 1
2819 8229 1
2820 2821 1
2821 2823 1
2823 3292 1
2824 2825 1
2825 2827 1
2827 3300 1
2828 2829 1
2829 2831 1
2831 3296 1
2832 2833 1
2833 2835 1
2835 3316 1
2836 2837 1
2837 2839 1
2839 3320 1
2840 2841 1
2841 2843 1
2843 3328 1
2844 2845 1
2845 2847 1
2847 3332 1
2848 2849 1
2849 2851 1
2851 8229 1
2852 2853 1
2853 2855 1
2855 8229 1
2856 2857 1
2857 2859 1
2859 8229 1
2860 2861 1
2861 2863 1
2863 8229 1
2864 2865 1
2865 2867 1
2867 3352 1
2868 2869 1
2869 2871 1
2871 3492 1
2872 2873 1
2873 2875 1
2875 3348 1
2876 2877 1
2877 2879 1
2879 3604 1
2880 2881 1
2881 2883 1
2883 3356 1
2884 2885 1
2885 2887 1
2887 8229 1
2888 2889 1
2889 2891 1
2891 3360 1
2892 2893 1
2893 2895 1
2895 3364 1
2896 2897 1
2897 2899 1
2899 3372 1
2900 2901 1
2901 2903 1
2903 8229 1
2904 2905 1
2905 2907 1
2907 3400 1
2908 2909 1
2909 2911 1
2911 3408 1
2916 2917 1
2917 2919 1
2919 3416 1
2920 2921 1
2921 2923 1
2923 3412 1
2924 2925 1
2925 2927 1
2927 3212 1
2928 2929 1
2929 2931 1
2931 3436 1
2932 2933 1
2933 2935 1
2935 8229 1
2936 2937 1
2937 2939 1
2939 3440 1
2940 2941 1
2941 2943 1
2943 3252 1
2944 2945 1
2945 2947 1
2947 3424 1
2948 2949 1
2949 2951 1
2951 3556 1
2952 2953 1
2953 2955 1
2955 8229 1
2956 2957 1
2957 2959 1
2959 3432 1
2960 2961 1
2961 2963 1
2963 3444 1
2968 2969 1
2969 2971 1
2971 3448 1
2972 2973 1
2973 2975 1
2975 3244 1
2976 2977 1
2977 2979 1
2979 3572 1
2980 2981 1
2981 2983 1
2983 3576 1
2984 2985 1
2985 2987 1
2987 3456 1
2988 2989 1
2989 2991 1
2991 3616 1
2992 2993 1
2993 2995 1
2995 3580 1
2996 2997 1
2997 2999 1
2999 3460 1
3000 3001 1
3001 3003 1
3003 3472 1
3004 3005 1
3005 3007 1
3007 3476 1
3008 3009 1
3009 3011 1
3011 3464 1
3012 3013 1
3013 3015 1
3015 3276 1
3016 3017 1
3017 3019 1
3019 3284 1
3024 3025 1
3025 3027 1
3027 3468 1
3028 3029 1
3029 3031 1
3031 3484 1
3032 3033 1
3033 3035 1
3035 3304 1
3036 3037 1
3037 3039 1
3039 3308 1
3040 3041 1
3041 3043 1
3043 3336 1
3052 3053 1
3053 3055 1
3055 3540 1
3056 3057 1
3057 3059 1
3059 3496 1
3060 3061 1
3061 3063 1
3063 3500 1
3064 3065 1
3065 3067 1
3067 3504 1
3068 3069 1
3069 3071 1
3071 3516 1
3072 3073 1
3073 3075 1
3075 3512 1
3076 3077 1
3077 3079 1
3079 3508 1
3084 3085 1
3085 3087 1
3087 3512 1
3088 3089 1
3089 3091 1
3091 3592 1
3092 3093 1
3093 3095 1
3095 3596 1
3096 3097 1
3097 3099 1
3099 3548 1
3100 3101 1
3101 3103 1
3103 3524 1
3104 3105 1
3105 3107 1
3107 3600 1
3108 3109 1
3109 3111 1
3111 3528 1
3112 3113 1
3113 3115 1
3115 3532 1
3116 3117 1
3117 3119 1
3119 3536 1
3120 3121 1
3121 3123 1
3123 3392 1
3124 3125 1
3125 3127 1
3127 3396 1
3128 3129 1
3129 3131 1
3131 3564 1
3132 3133 1
3133 3135 1
3135 3568 1
3136 3137 1
3137 3139 1
3139 3584 1
3140 3141 1
3141 3143 1
3143 3588 1
3144 3145 1
3145 3147 1
3147 3480 1
3148 3149 1
3149 3151 1
3151 3488 1
3152 3153 1
3153 3155 1
3155 3544 1
3156 3157 1
3157 3159 1
3159 3344 1
3160 3161 1
3161 3163 1
3163 3428 1
3164 3165 1
3165 3167 1
3167 3560 1
3168 3169 1
3169 3171 1
3171 3608 1
3172 3173 1
3173 3175 1
3175 3612 1
3176 3177 1
3177 3179 1
3179 8229 1
3180 3181 1
3181 3183 1
3183 3620 1
3184 3185 1
3185 3187 1
3187 3624 1
3188 3189 1
3189 3191 1
3191 3628 1
3192 3193 1
3193 3195 1
3195 3864 1
3196 3197 1
3197 3199 1
3199 3632 1
3200 3201 1
3201 3203 1
3203 3664 1
3204 3205 1
3205 3207 1
3207 8229 1
3208 3209 1
3209 3211 1
3211 8229 1
3212 3213 1
3213 3215 1
3215 3668 1
3216 3217 1
3217 3219 1
3219 8229 1
3220 3221 1
3221 3223 1
3223 8229 1
3224 3225 1
3225 3227 1
3227 3676 1
3228 3229 1
3229 3231 1
3231 3680 1
3232 3233 1
3233 3235 1
3235 3692 1
3236 3237 1
3237 3239 1
3239 3688 1
3240 3241 1
3241 3243 1
3243 3700 1
3244 3245 1
3245 3247 1
3247 3696 1
3248 3249 1
3249 3251 1
3251 8229 1
3252 3253 1
3253 3255 1
3255 3948 1
3256 3257 1
3257 3259 1
3259 3716 1
3260 3261 1
3261 3263 1
3263 3720 1
3264 3265 1
3265 3267 1
3267 3776 1
3268 3269 1
3269 3271 1
3271 3728 1
3272 3273 1
3273 3275 1
3275 3980 1
3276 3277 1
3277 3279 1
3279 3964 1
3280 3281 1
3281 3283 1
3283 3732 1
3284 3285 1
3285 3287 1
3287 3708 1
3288 3289 1
3289 3291 1
3291 3740 1
3292 3293 1
3293 3295 1
3295 3744 1
3296 3297 1
3297 3299 1
3299 3752 1
3300 3301 1
3301 3303 1
3303 3748 1
3304 3305 1
3305 3307 1
3307 3756 1
3308 3309 1
3309 3311 1
3311 3760 1
3312 3313 1
3313 3315 1
3315 8229 1
3316 3317 1
3317 3319 1
3319 3764 1
3320 3321 1
3321 3323 1
3323 3768 1
3324 3325 1
3325 3327 1
3327 3772 1
3328 3329 1
3329 3331 1
3331 3784 1
3332 3333 1
3333 3335 1
3335 3780 1
3336 3337 1
3337 3339 1
3339 3792 1
3340 3341 1
3341 3343 1
3343 3796 1
3344 3345 1
3345 3347 1
3347 3808 1
3348 3349 1
3349 3351 1
3351 3804 1
3352 3353 1
3353 3355 1
3355 3812 1
3356 3357 1
3357 3359 1
3359 3828 1
3360 3361 1
3361 3363 1
3363 3824 1
3364 3365 1
3365 3367 1
3367 3832 1
3368 3369 1
3369 3371 1
3371 8229 1
3372 3373 1
3373 3375 1
3375 3840 1
3376 3377 1
3377 3379 1
3379 3844 1
3380 3381 1
3381 3383 1
3383 3852 1
3384 3385 1
3385 3387 1
3387 8229 1
3388 3389 1
3389 3391 1
3391 3644 1
3392 3393 1
3393 3395 1
3395 3856 1
3396 3397 1
3397 3399 1
3399 3860 1
3400 3401 1
3401 3403 1
3403 3880 1
3404 3405 1
3405 3407 1
3407 3876 1
3408 3409 1
3409 3411 1
3411 3672 1
3412 3413 1
3413 3415 1
3415 3892 1
3416 3417 1
3417 3419 1
3419 3888 1
3420 3421 1
3421 3423 1
3423 3896 1
3424 3425 1
3425 3427 1
3427 3900 1
3428 3429 1
3429 3431 1
3431 8229 1
3432 3433 1
3433 3435 1
3435 3904 1
3436 3437 1
3437 3439 1
3439 3936 1
3440 3441 1
3441 3443 1
3443 3944 1
3444 3445 1
3445 3447 1
3447 3916 1
3448 3449 1
3449 3451 1
3451 3920 1
3456 3457 1
3457 3459 1
3459 3932 1
3460 3461 1
3461 3463 1
3463 3984 1
3464 3465 1
3465 3467 1
3467 8229 1
3468 3469 1
3469 3471 1
3471 3788 1
3472 3473 1
3473 3475 1
3475 3972 1
3476 3477 1
3477 3479 1
3479 8229 1
3480 3481 1
3481 3483 1
3483 3988 1
3484 3485 1
3485 3487 1
3487 3992 1
3488 3489 1
3489 3491 1
3491 3996 1
3492 3493 1
3493 3495 1
3495 4044 1
3496 3497 1
3497 3499 1
3499 4032 1
3500 3501 1
3501 3503 1
3503 4036 1
3504 3505 1
3505 3507 1
3507 4000 1
3508 3509 1
3509 3511 1
3511 4016 1
3512 3513 1
3512 3514 1
3513 3515 1
3514 3515 1
3515 4076 1
3515 4080 1
3516 3517 1
3517 3519 1
3519 4004 1
3520 3521 1
3521 3523 1
3523 4008 1
3524 3525 1
3525 3527 1
3527 4024 1
3528 3529 1
3529 3531 1
3531 4060 1
3532 3533 1
3533 3535 1
3535 4072 1
3536 3537 1
3537 3539 1
3539 4068 1
3540 3541 1
3541 3543 1
3543 4048 1
3544 3545 1
3545 3547 1
3547 4052 1
3548 3549 1
3549 3551 1
3551 3820 1
3556 3557 1
3557 3559 1
3559 4084 1
3560 3561 1
3561 3563 1
3563 4088 1
3564 3565 1
3565 3567 1
3567 3684 1
3568 3569 1
3569 3571 1
3571 3912 1
3572 3573 1
3573 3575 1
3575 3924 1
3576 3577 1
3577 3579 1
3579 3928 1
3580 3581 1
3581 3583 1
3583 3956 1
3584 3585 1
3585 3587 1
3587 4092 1
3588 3589 1
3589 3591 1
3591 4096 1
3592 3593 1
3593 3595 1
3595 4020 1
3596 3597 1
3597 3599 1
3599 4028 1
3600 3601 1
3601 3603 1
3603 4056 1
3604 3605 1
3605 3607 1
3607 4064 1
3608 3609 1
3609 3611 1
3611 3952 1
3612 3613 1
3613 3615 1
3615 4100 1
3616 3617 1
3617 3619 1
3619 4104 1
3620 3621 1
3621 3623 1
3623 4116 1
3624 3625 1
3625 3627 1
3627 8229 1
3628 3629 1
3629 3631 1
3631 8229 1
3632 3633 1
3633 3635 1
3635 8229 1
3636 3637 1
3637 3639 1
3639 8229 1
3640 3641 1
3641 3643 1
3643 8229 1
3644 3645 1
3645 3647 1
3647 4128 1
3648 3649 1
3649 3651 1
3651 8229 1
3652 3653 1
3653 3655 1
3655 8229 1
3656 3657 1
3657 3659 1
3659 8229 1
3660 3661 1
3661 3663 1
3663 8229 1
3664 3665 1
3665 3667 1
3667 4148 1
3668 3669 1
3669 3671 1
3671 4136 1
3672 3673 1
3673 3675 1
3675 4132 1
3676 3677 1
3677 3679 1
3679 4152 1
3680 3681 1
3681 3683 1
3683 4160 1
3684 3685 1
3685 3687 1
3687 8229 1
3688 3689 1
3689 3691 1
3691 4164 1
3692 3693 1
3693 3695 1
3695 4172 1
3696 3697 1
3697 3699 1
3699 4168 1
3700 3701 1
3701 3703 1
3703 4180 1
3704 3705 1
3705 3707 1
3707 8229 1
3708 3709 1
3709 3711 1
3711 4184 1
3712 3713 1
3713 3715 1
3715 8229 1
3716 3717 1
3717 3719 1
3719 4192 1
3720 3721 1
3721 3723 1
3723 4196 1
3724 3725 1
3725 3727 1
3727 4200 1
3728 3729 1
3729 3731 1
3731 4208 1
3732 3733 1
3733 3735 1
3735 8229 1
3740 3741 1
3741 3743 1
3743 4216 1
3744 3745 1
3745 3747 1
3747 4220 1
3748 3749 1
3749 3751 1
3751 4460 1
3752 3753 1
3753 3755 1
3755 4224 1
3756 3757 1
3757 3759 1
3759 4228 1
3760 3761 1
3761 3763 1
3763 4232 1
3764 3765 1
3765 3767 1
3767 4236 1
3768 3769 1
3769 3771 1
3771 4240 1
3772 3773 1
3773 3775 1
3775 8229 1
3776 3777 1
3777 3779 1
3779 4212 1
3780 3781 1
3781 3783 1
3783 8229 1
3784 3785 1
3785 3787 1
3787 4244 1
3788 3789 1
3789 3791 1
3791 4248 1
3792 3793 1
3793 3795 1
3795 4256 1
3796 3797 1
3797 3799 1
3799 8229 1
3800 3801 1
3801 3803 1
3803 8229 1
3804 3805 1
3805 3807 1
3807 8229 1
3808 3809 1
3809 3811 1
3811 8229 1
3812 3813 1
3813 3815 1
3815 8229 1
3816 3817 1
3817 3819 1
3819 8229 1
3820 3821 1
3821 3823 1
3823 4452 1
3824 3825 1
3825 3827 1
3827 4264 1
3828 3829 1
3829 3831 1
3831 4260 1
3832 3833 1
3833 3835 1
3835 4268 1
3836 3837 1
3837 3839 1
3839 8229 1
3840 3841 1
3841 3843 1
3843 8229 1
3844 3845 1
3845 3847 1
3847 8229 1
3848 3849 1
3849 3851 1
3851 8229 1
3852 3853 1
3853 3855 1
3855 8229 1
3856 3857 1
3857 3859 1
3859 8229 1
3860 3861 1
3861 3863 1
3863 8229 1
3864 3865 1
3865 3867 1
3867 8229 1
3868 3869 1
3869 3871 1
3871 8229 1
3872 3873 1
3873 3875 1
3875 8229 1
3876 3877 1
3877 3879 1
3879 8229 1
3880 3881 1
3881 3883 1
3883 4120 1
3888 3889 1
3889 3891 1
3891 4124 1
3892 3893 1
3893 3895 1
3895 4272 1
3896 3897 1
3897 3899 1
3899 4276 1
3900 3901 1
3901 3903 1
3903 4280 1
3904 3905 1
3905 3907 1
3907 4288 1
3908 3909 1
3909 3911 1
3911 8229 1
3912 3913 1
3913 3915 1
3915 8229 1
3916 3917 1
3917 3919 1
3919 8229 1
3920 3921 1
3921 3923 1
3923 4304 1
3924 3925 1
3925 3927 1
3927 4308 1
3928 3929 1
3929 3931 1
3931 4312 1
3932 3933 1
3933 3935 1
3935 4316 1
3936 3937 1
3937 3939 1
3939 4296 1
3944 3945 1
3945 3947 1
3947 4300 1
3948 3949 1
3949 3951 1
3951 4188 1
3952 3953 1
3953 3955 1
3955 4324 1
3956 3957 1
3957 3959 1
3959 4332 1
3960 3961 1
3961 3963 1
3963 4340 1
3964 3965 1
3965 3967 1
3967 4344 1
3968 3969 1
3969 3971 1
3971 4348 1
3972 3973 1
3973 3975 1
3975 4356 1
3976 3977 1
3977 3979 1
3979 4360 1
3980 3981 1
3981 3983 1
3983 4204 1
3984 3985 1
3985 3987 1
3987 4336 1
3988 3989 1
3989 3991 1
3991 4468 1
3992 3993 1
3993 3995 1
3995 4368 1
3996 3997 1
3997 3999 1
3999 4472 1
4000 4001 1
4001 4003 1
4003 4388 1
4004 4005 1
4005 4007 1
4007 4396 1
4008 4009 1
4009 4011 1
4011 4400 1
4016 4017 1
4017 4019 1
4019 4408 1
4020 4021 1
4021 4023 1
4023 4412 1
4024 4025 1
4025 4027 1
4027 4420 1
4028 4029 1
4029 4031 1
4031 4416 1
4032 4033 1
4033 4035 1
4035 4372 1
4036 4037 1
4037 4039 1
4039 4376 1
4040 4041 1
4041 4043 1
4043 4380 1
4044 4045 1
4045 4047 1
4047 4384 1
4048 4049 1
4049 4051 1
4051 4448 1
4052 4053 1
4053 4055 1
4055 4444 1
4056 4057 1
4057 4059 1
4059 4424 1
4060 4061 1
4061 4063 1
4063 4428 1
4064 4065 1
4065 4067 1
4067 4432 1
4068 4069 1
4069 4071 1
4071 4436 1
4072 4073 1
4073 4075 1
4075 4440 1
4076 4077 1
4077 4079 1
4079 4392 1
4080 4081 1
4081 4083 1
4083 4404 1
4084 4085 1
4085 4087 1
4087 4284 1
4088 4089 1
4089 4091 1
4091 4292 1
4092 4093 1
4093 4095 1
4095 4352 1
4096 4097 1
4097 4099 1
4099 4364 1
4100 4101 1
4101 4103 1
4103 4320 1
4104 4105 1
4105 4107 1
4107 4328 1
4108 4109 1
4109 4111 1
4111 4476 1
4112 4113 1
4113 4115 1
4115 8229 1
4116 4117 1
4117 4119 1
4119 4484 1
4120 4121 1
4121 4123 1
4123 4488 1
4124 4125 1
4125 4127 1
4127 4644 1
4128 4129 1
4129 4131 1
4131 4640 1
4132 4133 1
4133 4135 1
4135 4648 1
4136 4137 1
4137 4139 1
4139 4492 1
4140 4141 1
4141 4143 1
4143 8229 1
4144 4145 1
4145 4147 1
4147 8229 1
4148 4149 1
4149 4151 1
4151 4496 1
4152 4153 1
4153 4155 1
4155 4500 1
4156 4157 1
4157 4159 1
4159 4516 1
4160 4161 1
4161 4163 1
4163 4520 1
4164 4165 1
4165 4167 1
4167 4532 1
4168 4169 1
4169 4171 1
4171 4708 1
4172 4173 1
4173 4175 1
4175 4524 1
4176 4177 1
4177 4179 1
4179 8229 1
4180 4181 1
4181 4183 1
4183 4536 1
4184 4185 1
4185 4187 1
4187 4696 1
4188 4189 1
4189 4191 1
4191 4540 1
4192 4193 1
4193 4195 1
4195 4552 1
4196 4197 1
4197 4199 1
4199 4544 1
4200 4201 1
4201 4203 1
4203 4548 1
4204 4205 1
4205 4207 1
4207 4556 1
4208 4209 1
4209 4211 1
4211 4684 1
4212 4213 1
4213 4215 1
4215 4564 1
4216 4217 1
4217 4219 1
4219 4580 1
4220 4221 1
4221 4223 1
4223 4572 1
4224 4225 1
4225 4227 1
4227 4576 1
4228 4229 1
4229 4231 1
4231 4588 1
4232 4233 1
4233 4235 1
4235 4596 1
4236 4237 1
4237 4239 1
4239 4600 1
4240 4241 1
4241 4243 1
4243 4604 1
4244 4245 1
4245 4247 1
4247 4616 1
4248 4249 1
4249 4251 1
4251 4620 1
4256 4257 1
4257 4259 1
4259 4728 1
4260 4261 1
4261 4263 1
4263 4624 1
4264 4265 1
4265 4267 1
4267 4628 1
4268 4269 1
4269 4271 1
4271 4632 1
4272 4273 1
4273 4275 1
4275 4816 1
4276 4277 1
4277 4279 1
4279 4820 1
4280 4281 1
4281 4283 1
4283 4652 1
4284 4285 1
4285 4287 1
4287 4656 1
4288 4289 1
4289 4291 1
4291 4660 1
4292 4293 1
4293 4295 1
4295 4664 1
4296 4297 1
4297 4299 1
4299 4672 1
4300 4301 1
4301 4303 1
4303 4676 1
4304 4305 1
4305 4307 1
4307 4528 1
4308 4309 1
4309 4311 1
4311 4704 1
4312 4313 1
4313 4315 1
4315 4712 1
4316 4317 1
4317 4319 1
4319 4568 1
4320 4321 1
4321 4323 1
4323 4848 1
4324 4325 1
4325 4327 1
4327 4680 1
4328 4329 1
4329 4331 1
4331 4852 1
4332 4333 1
4333 4335 1
4335 4560 1
4336 4337 1
4337 4339 1
4339 4688 1
4340 4341 1
4341 4343 1
4343 4692 1
4344 4345 1
4345 4347 1
4347 4700 1
4348 4349 1
4349 4351 1
4351 4584 1
4352 4353 1
4353 4355 1
4355 4716 1
4356 4357 1
4357 4359 1
4359 4824 1
4360 4361 1
4361 4363 1
4363 4828 1
4364 4365 1
4365 4367 1
4367 4720 1
4368 4369 1
4369 4371 1
4371 4724 1
4372 4373 1
4373 4375 1
4375 4748 1
4376 4377 1
4377 4379 1
4379 4752 1
4380 4381 1
4381 4383 1
4383 4736 1
4384 4385 1
4385 4387 1
4387 4740 1
4388 4389 1
4389 4391 1
4391 4760 1
4392 4393 1
4393 4395 1
4395 4764 1
4396 4397 1
4397 4399 1
4399 4768 1
4400 4401 1
4401 4403 1
4403 4776 1
4404 4405 1
4405 4407 1
4407 8229 1
4408 4409 1
4409 4411 1
4411 4772 1
4412 4413 1
4413 4415 1
4415 4840 1
4416 4417 1
4417 4419 1
4419 4844 1
4420 4421 1
4421 4423 1
4423 4744 1
4424 4425 1
4425 4427 1
4427 4780 1
4428 4429 1
4429 4431 1
4431 4784 1
4432 4433 1
4433 4435 1
4435 4788 1
4436 4437 1
4437 4439 1
4439 4792 1
4440 4441 1
4441 4443 1
4443 4796 1
4444 4445 1
4445 4447 1
4447 4812 1
4448 4449 1
4449 4451 1
4451 4808 1
4452 4453 1
4453 4455 1
4455 4800 1
4460 4461 1
4461 4463 1
4463 4592 1
4464 4465 1
4465 4467 1
4467 4608 1
4468 4469 1
4469 4471 1
4471 4832 1
4472 4473 1
4473 4475 1
4475 4836 1
4476 4477 1
4477 4479 1
4479 8229 1
4480 4481 1
4481 4483 1
4483 8229 1
4484 4485 1
4485 4487 1
4487 4860 1
4488 4489 1
4489 4491 1
4491 8229 1
4492 4493 1
4493 4495 1
4495 4868 1
4496 4497 1
4497 4499 1
4499 4876 1
4500 4501 1
4501 4503 1
4503 4884 1
4504 4505 1
4505 4507 1
4507 8229 1
4508 4509 1
4509 4511 1
4511 5020 1
4512 4513 1
4513 4515 1
4515 8229 1
4516 4517 1
4517 4519 1
4519 4888 1
4520 4521 1
4521 4523 1
4523 4892 1
4524 4525 1
4525 4527 1
4527 4904 1
4528 4529 1
4529 4531 1
4531 5068 1
4532 4533 1
4533 4535 1
4535 4900 1
4536 4537 1
4537 4539 1
4539 4912 1
4540 4541 1
4541 4543 1
4543 4920 1
4544 4545 1
4545 4547 1
4547 4928 1
4548 4549 1
4549 4551 1
4551 4924 1
4552 4553 1
4553 4555 1
4555 4932 1
4556 4557 1
4557 4559 1
4559 5076 1
4560 4561 1
4561 4563 1
4563 4940 1
4564 4565 1
4565 4567 1
4567 4948 1
4568 4569 1
4569 4571 1
4571 5072 1
4572 4573 1
4573 4575 1
4575 4956 1
4576 4577 1
4577 4579 1
4579 8229 1
4580 4581 1
4581 4583 1
4583 4952 1
4584 4585 1
4585 4587 1
4587 5092 1
4588 4589 1
4589 4591 1
4591 4964 1
4592 4593 1
4593 4595 1
4595 4960 1
4596 4597 1
4597 4599 1
4599 4972 1
4600 4601 1
4601 4603 1
4603 4968 1
4604 4605 1
4605 4607 1
4607 4976 1
4608 4609 1
4609 4611 1
4611 8229 1
4612 4613 1
4613 4615 1
4615 4988 1
4616 4617 1
4617 4619 1
4619 4984 1
4620 4621 1
4621 4623 1
4623 4992 1
4624 4625 1
4625 4627 1
4627 5004 1
4628 4629 1
4629 4631 1
4631 5008 1
4632 4633 1
4633 4635 1
4635 5012 1
4636 4637 1
4637 4639 1
4639 8229 1
4640 4641 1
4641 4643 1
4643 4872 1
4644 4645 1
4645 4647 1
4647 4864 1
4648 4649 1
4649 4651 1
4651 5016 1
4652 4653 1
4653 4655 1
4655 5036 1
4656 4657 1
4657 4659 1
4659 5040 1
4660 4661 1
4661 4663 1
4663 5048 1
4664 4665 1
4665 4667 1
4667 5044 1
4668 4669 1
4669 4671 1
4671 5056 1
4672 4673 1
4673 4675 1
4675 5060 1
4676 4677 1
4677 4679 1
4679 5064 1
4680 4681 1
4681 4683 1
4683 5116 1
4684 4685 1
4685 4687 1
4687 5120 1
4688 4689 1
4689 4691 1
4691 5080 1
4692 4693 1
4693 4695 1
4695 5084 1
4696 4697 1
4697 4699 1
4699 4916 1
4700 4701 1
4701 4703 1
4703 5088 1
4704 4705 1
4705 4707 1
4707 5108 1
4708 4709 1
4709 4711 1
4711 4908 1
4712 4713 1
4713 4715 1
4715 5112 1
4716 4717 1
4717 4719 1
4719 8229 1
4720 4721 1
4721 4723 1
4723 5100 1
4724 4725 1
4725 4727 1
4727 5124 1
4728 4729 1
4729 4731 1
4731 5128 1
4732 4733 1
4733 4735 1
4735 5132 1
4736 4737 1
4737 4739 1
4739 5136 1
4740 4741 1
4741 4743 1
4743 5140 1
4744 4745 1
4745 4747 1
4747 5164 1
4748 4749 1
4749 4751 1
4751 4996 1
4752 4753 1
4753 4755 1
4755 5172 1
4760 4761 1
4761 4763 1
4763 5144 1
4764 4765 1
4765 4767 1
4767 5148 1
4768 4769 1
4769 4771 1
4771 5152 1
4772 4773 1
4773 4775 1
4775 5156 1
4776 4777 1
4777 4779 1
4779 5160 1
4780 4781 1
4781 4783 1
4783 5168 1
4784 4785 1
4785 4787 1
4787 5176 1
4788 4789 1
4789 4791 1
4791 5180 1
4792 4793 1
4793 4795 1
4795 5184 1
4796 4797 1
4797 4799 1
4799 5188 1
4800 4801 1
4801 4803 1
4803 5000 1
4808 4809 1
4809 4811 1
4811 5192 1
4812 4813 1
4813 4815 1
4815 5196 1
4816 4817 1
4817 4819 1
4819 5028 1
4820 4821 1
4821 4823 1
4823 5032 1
4824 4825 1
4825 4827 1
4827 5096 1
4828 4829 1
4829 4831 1
4831 5104 1
4832 4833 1
4833 4835 1
4835 5200 1
4836 4837 1
4837 4839 1
4839 5204 1
4840 4841 1
4841 4843 1
4843 5208 1
4844 4845 1
4845 4847 1
4847 5212 1
4848 4849 1
4849 4851 1
4851 5216 1
4852 4853 1
4853 4855 1
4855 5220 1
4856 4857 1
4857 4859 1
4859 8229 1
4860 4861 1
4861 4863 1
4863 5224 1
4864 4865 1
4865 4867 1
4867 5440 1
4868 4869 1
4869 4871 1
4871 5252 1
4872 4873 1
4873 4875 1
4875 5428 1
4876 4877 1
4877 4879 1
4879 5256 1
4880 4881 1
4881 4883 1
4883 8229 1
4884 4885 1
4885 4887 1
4887 5268 1
4888 4889 1
4889 4891 1
4891 5276 1
4892 4893 1
4893 4895 1
4895 5272 1
4896 4897 1
4897 4899 1
4899 5280 1
4900 4901 1
4901 4903 1
4903 5292 1
4904 4905 1
4905 4907 1
4907 5288 1
4908 4909 1
4909 4911 1
4911 5540 1
4912 4913 1
4913 4915 1
4915 5296 1
4916 4917 1
4917 4919 1
4919 8229 1
4920 4921 1
4921 4923 1
4923 5512 1
4924 4925 1
4925 4927 1
4927 5308 1
4928 4929 1
4929 4931 1
4931 5320 1
4932 4933 1
4933 4935 1
4935 5312 1
4940 4941 1
4941 4943 1
4943 5328 1
4948 4949 1
4949 4951 1
4951 5356 1
4952 4953 1
4953 4955 1
4955 5332 1
4956 4957 1
4957 4959 1
4959 5336 1
4960 4961 1
4961 4963 1
4963 5344 1
4964 4965 1
4965 4967 1
4967 5552 1
4968 4969 1
4969 4971 1
4971 5340 1
4972 4973 1
4973 4975 1
4975 5348 1
4976 4977 1
4977 4979 1
4979 5556 1
4980 4981 1
4981 4983 1
4983 5352 1
4984 4985 1
4985 4987 1
4987 5360 1
4988 4989 1
4989 4991 1
4991 8229 1
4992 4993 1
4993 4995 1
4995 5364 1
4996 4997 1
4997 4999 1
4999 5576 1
5000 5001 1
5001 5003 1
5003 5592 1
5004 5005 1
5005 5007 1
5007 5404 1
5008 5009 1
5009 5011 1
5011 5408 1
5012 5013 1
5013 5015 1
5015 5412 1
5016 5017 1
5017 5019 1
5019 5264 1
5020 5021 1
5021 5023 1
5023 5468 1
5028 5029 1
5029 5031 1
5031 5472 1
5032 5033 1
5033 5035 1
5035 5476 1
5036 5037 1
5037 5039 1
5039 8229 1
5040 5041 1
5041 5043 1
5043 5492 1
5044 5045 1
5045 5047 1
5047 5488 1
5048 5049 1
5049 5051 1
5051 5480 1
5056 5057 1
5057 5059 1
5059 5656 1
5060 5061 1
5061 5063 1
5063 5508 1
5064 5065 1
5065 5067 1
5067 5660 1
5068 5069 1
5069 5071 1
5071 8229 1
5072 5073 1
5073 5075 1
5075 5284 1
5076 5077 1
5077 5079 1
5079 5316 1
5080 5081 1
5081 5083 1
5083 5504 1
5084 5085 1
5085 5087 1
5087 5516 1
5088 5089 1
5089 5091 1
5091 8229 1
5092 5093 1
5093 5095 1
5095 5520 1
5096 5097 1
5097 5099 1
5099 5528 1
5100 5101 1
5101 5103 1
5103 5524 1
5104 5105 1
5105 5107 1
5107 5532 1
5108 5109 1
5109 5111 1
5111 5536 1
5112 5113 1
5113 5115 1
5115 5544 1
5116 5117 1
5117 5119 1
5119 5496 1
5120 5121 1
5121 5123 1
5123 5500 1
5124 5125 1
5125 5127 1
5127 5560 1
5128 5129 1
5129 5131 1
5131 5564 1
5132 5133 1
5133 5135 1
5135 5568 1
5136 5137 1
5137 5139 1
5139 5572 1
5140 5141 1
5141 5143 1
5143 5580 1
5144 5145 1
5145 5147 1
5147 5604 1
5148 5149 1
5149 5151 1
5151 5608 1
5152 5153 1
5153 5155 1
5155 5640 1
5156 5157 1
5157 5159 1
5159 5644 1
5160 5161 1
5161 5163 1
5163 8229 1
5164 5165 1
5165 5167 1
5167 5596 1
5168 5169 1
5169 5171 1
5171 5620 1
5172 5173 1
5173 5175 1
5175 5584 1
5176 5177 1
5177 5179 1
5179 5624 1
5180 5181 1
5181 5183 1
5183 5628 1
5184 5185 1
5185 5187 1
5187 5636 1
5188 5189 1
5189 5191 1
5191 5632 1
5192 5193 1
5193 5195 1
5195 5652 1
5196 5197 1
5197 5199 1
5199 5648 1
5200 5201 1
5201 5203 1
5203 5664 1
5204 5205 1
5205 5207 1
5207 5668 1
5208 5209 1
5209 5211 1
5211 5672 1
5212 5213 1
5213 5215 1
5215 5676 1
5216 5217 1
5217 5219 1
5219 5680 1
5220 5221 1
5221 5223 1
5223 5684 1
5224 5225 1
5225 5227 1
5227 5688 1
5228 5229 1
5229 5231 1
5231 5692 1
5232 5233 1
5233 5235 1
5235 5696 1
5236 5237 1
5237 5239 1
5239 5700 1
5240 5241 1
5241 5243 1
5243 8229 1
5244 5245 1
5245 5247 1
5247 8229 1
5248 5249 1
5249 5251 1
5251 8229 1
5252 5253 1
5253 5255 1
5255 5724 1
5256 5257 1
5257 5259 1
5259 5736 1
5260 5261 1
5261 5263 1
5263 8229 1
5264 5265 1
5265 5267 1
5267 5956 1
5268 5269 1
5269 5271 1
5271 5744 1
5272 5273 1
5273 5275 1
5275 5756 1
5276 5277 1
5277 5279 1
5279 8229 1
5280 5281 1
5281 5283 1
5283 5760 1
5284 5285 1
5285 5287 1
5287 5840 1
5288 5289 1
5289 5291 1
5291 5772 1
5292 5293 1
5293 5295 1
5295 5780 1
5296 5297 1
5297 5299 1
5299 5784 1
5300 5301 1
5301 5303 1
5303 8229 1
5304 5305 1
5305 5307 1
5307 8229 1
5308 5309 1
5309 5311 1
5311 5804 1
5312 5313 1
5313 5315 1
5315 5792 1
5316 5317 1
5317 5319 1
5319 5812 1
5320 5321 1
5321 5323 1
5323 5816 1
5324 5325 1
5325 5327 1
5327 5824 1
5328 5329 1
5329 5331 1
5331 5828 1
5332 5333 1
5333 5335 1
5335 8229 1
5336 5337 1
5337 5339 1
5339 5836 1
5340 5341 1
5341 5343 1
5343 5844 1
5344 5345 1
5345 5347 1
5347 6052 1
5348 5349 1
5349 5351 1
5351 5852 1
5352 5353 1
5353 5355 1
5355 5848 1
5356 5357 1
5357 5359 1
5359 5860 1
5360 5361 1
5361 5363 1
5363 5856 1
5364 5365 1
5365 5367 1
5367 5872 1
5368 5369 1
5369 5371 1
5371 8229 1
5372 5373 1
5373 5375 1
5375 8229 1
5376 5377 1
5377 5379 1
5379 5864 1
5380 5381 1
5381 5383 1
5383 8229 1
5384 5385 1
5385 5387 1
5387 5888 1
5388 5389 1
5389 5391 1
5391 8229 1
5392 5393 1
5393 5395 1
5395 8229 1
5396 5397 1
5397 5399 1
5399 8229 1
5400 5401 1
5401 5403 1
5403 8229 1
5404 5405 1
5405 5407 1
5407 5900 1
5408 5409 1
5409 5411 1
5411 5904 1
5412 5413 1
5413 5415 1
5415 5908 1
5416 5417 1
5417 5419 1
5419 5912 1
5420 5421 1
5421 5423 1
5423 5916 1
5424 5425 1
5425 5427 1
5427 5920 1
5428 5429 1
5429 5431 1
5431 5932 1
5432 5433 1
5433 5435 1
5435 5936 1
5436 5437 1
5437 5439 1
5439 5940 1
5440 5441 1
5441 5443 1
5443 5944 1
5444 5445 1
5445 5447 1
5447 5952 1
5448 5449 1
5449 5451 1
5451 5716 1
5452 5453 1
5453 5455 1
5455 8229 1
5456 5457 1
5457 5459 1
5459 5968 1
5460 5461 1
5461 5463 1
5463 5972 1
5464 5465 1
5465 5467 1
5467 5704 1
5468 5469 1
5469 5471 1
5471 5960 1
5472 5473 1
5473 5475 1
5475 5948 1
5476 5477 1
5477 5479 1
5479 5964 1
5480 5481 1
5481 5483 1
5483 5976 1
5484 5485 1
5484 5486 2
5485 5487 1
5486 5487 2
5487 5980 1
5487 5992 1
5487 5996 1
5488 5489 1
5489 5491 1
5491 5984 1
5492 5493 1
5493 5495 1
5495 5988 1
5496 5497 1
5497 5499 1
5499 6012 1
5500 5501 1
5501 5503 1
5503 6016 1
5504 5505 1
5505 5507 1
5507 6020 1
5508 5509 1
5509 5511 1
5511 5796 1
5512 5513 1
5513 5515 1
5515 6028 1
5516 5517 1
5517 5519 1
5519 6044 1
5520 5521 1
5521 5523 1
5523 6056 1
5524 5525 1
5525 5527 1
5527 6068 1
5528 5529 1
5529 5531 1
5531 6064 1
5532 5533 1
5533 5535 1
5535 6072 1
5536 5537 1
5537 5539 1
5539 6032 1
5540 5541 1
5541 5543 1
5543 6036 1
5544 5545 1
5545 5547 1
5547 6040 1
5548 5549 1
5549 5551 1
5551 6048 1
5552 5553 1
5553 5555 1
5555 6092 1
5556 5557 1
5557 5559 1
5559 6096 1
5560 5561 1
5561 5563 1
5563 8229 1
5564 5565 1
5565 5567 1
5567 5868 1
5568 5569 1
5569 5571 1
5571 8229 1
5572 5573 1
5573 5575 1
5575 6100 1
5576 5577 1
5577 5579 1
5579 6108 1
5580 5581 1
5581 5583 1
5583 6104 1
5584 5585 1
5585 5587 1
5587 6140 1
5592 5593 1
5593 5595 1
5595 6124 1
5596 5597 1
5597 5599 1
5599 6128 1
5604 5605 1
5605 5607 1
5607 6116 1
5608 5609 1
5609 5611 1
5611 6084 1
5616 5617 1
5617 5619 1
5619 6088 1
5620 5621 1
5621 5623 1
5623 6132 1
5624 5625 1
5625 5627 1
5627 6136 1
5628 5629 1
5629 5631 1
5631 6144 1
5632 5633 1
5633 5635 1
5635 6152 1
5636 5637 1
5637 5639 1
5639 6148 1
5640 5641 1
5641 5643 1
5643 6160 1
5644 5645 1
5645 5647 1
5647 6156 1
5648 5649 1
5649 5651 1
5651 6164 1
5652 5653 1
5653 5655 1
5655 6168 1
5656 5657 1
5657 5659 1
5659 6000 1
5660 5661 1
5661 5663 1
5663 6004 1
5664 5665 1
5665 5667 1
5667 6076 1
5668 5669 1
5669 5671 1
5671 6080 1
5672 5673 1
5673 5675 1
5675 6172 1
5676 5677 1
5677 5679 1
5679 6176 1
5680 5681 1
5681 5683 1
5683 6180 1
5684 5685 1
5685 5687 1
5687 6184 1
5688 5689 1
5689 5691 1
5691 6444 1
5692 5693 1
5693 5695 1
5695 6188 1
5696 5697 1
5697 5699 1
5699 6196 1
5700 5701 1
5701 5703 1
5703 6200 1
5704 5705 1
5705 5707 1
5707 6464 1
5708 5709 1
5709 5711 1
5711 6204 1
5712 5713 1
5713 5715 1
5715 6208 1
5716 5717 1
5717 5719 1
5719 6212 1
5720 5721 1
5721 5723 1
5723 8229 1
5724 5725 1
5725 5727 1
5727 6232 1
5728 5729 1
5729 5731 1
5731 8229 1
5732 5733 1
5733 5735 1
5735 8229 1
5736 5737 1
5737 5739 1
5739 6216 1
5740 5741 1
5741 5743 1
5743 8229 1
5744 5745 1
5745 5747 1
5747 6236 1
5748 5749 1
5749 5751 1
5751 8229 1
5752 5753 1
5753 5755 1
5755 6252 1
5756 5757 1
5757 5759 1
5759 6248 1
5760 5761 1
5761 5763 1
5763 6268 1
5772 5773 1
5773 5775 1
5775 6284 1
5776 5777 1
5777 5779 1
5779 6276 1
5780 5781 1
5781 5783 1
5783 6292 1
5784 5785 1
5785 5787 1
5787 6300 1
5788 5789 1
5789 5791 1
5791 8229 1
5792 5793 1
5793 5795 1
5795 6568 1
5796 5797 1
5797 5799 1
5799 6328 1
5804 5805 1
5805 5807 1
5807 8229 1
5808 5809 1
5809 5811 1
5811 6320 1
5812 5813 1
5813 5815 1
5815 6336 1
5816 5817 1
5817 5819 1
5819 6332 1
5824 5825 1
5825 5827 1
5827 8229 1
5828 5829 1
5829 5831 1
5831 6532 1
5836 5837 1
5837 5839 1
5839 6356 1
5840 5841 1
5841 5843 1
5843 6352 1
5844 5845 1
5845 5847 1
5847 6360 1
5848 5849 1
5849 5851 1
5851 6372 1
5852 5853 1
5853 5855 1
5855 6364 1
5856 5857 1
5857 5859 1
5859 6384 1
5860 5861 1
5861 5863 1
5863 6388 1
5864 5865 1
5865 5867 1
5867 6392 1
5868 5869 1
5869 5871 1
5871 6596 1
5872 5873 1
5873 5875 1
5875 6396 1
5876 5877 1
5877 5879 1
5879 8229 1
5880 5881 1
5881 5883 1
5883 8229 1
5884 5885 1
5885 5887 1
5887 8229 1
5888 5889 1
5889 5891 1
5891 6408 1
5892 5893 1
5893 5895 1
5895 6416 1
5900 5901 1
5901 5903 1
5903 6424 1
5904 5905 1
5905 5907 1
5907 6428 1
5908 5909 1
5909 5911 1
5911 6432 1
5912 5913 1
5913 5915 1
5915 8229 1
5916 5917 1
5917 5919 1
5919 8229 1
5920 5921 1
5921 5923 1
5923 6192 1
5924 5925 1
5925 5927 1
5927 6452 1
5932 5933 1
5933 5935 1
5935 6460 1
5936 5937 1
5937 5939 1
5939 6456 1
5940 5941 1
5941 5943 1
5943 8229 1
5944 5945 1
5945 5947 1
5947 6472 1
5948 5949 1
5949 5951 1
5951 6476 1
5952 5953 1
5953 5955 1
5955 8229 1
5956 5957 1
5957 5959 1
5959 6228 1
5960 5961 1
5961 5963 1
5963 6468 1
5964 5965 1
5965 5967 1
5967 6224 1
5968 5969 1
5969 5971 1
5971 6488 1
5972 5973 1
5973 5975 1
5975 6496 1
5976 5977 1
5977 5979 1
5979 6500 1
5980 5981 1
5981 5983 1
5983 8229 1
5984 5985 1
5985 5987 1
5987 6504 1
5988 5989 1
5989 5991 1
5991 6508 1
5992 5993 1
5993 5995 1
5995 6484 1
5996 5997 1
5997 5999 1
5999 6480 1
6000 6001 1
6001 6003 1
6003 6512 1
6004 6005 1
6005 6007 1
6007 6516 1
6008 6009 1
6009 6011 1
6011 6520 1
6012 6013 1
6013 6015 1
6015 6308 1
6016 6017 1
6017 6019 1
6019 6340 1
6020 6021 1
6021 6023 1
6023 6536 1
6024 6025 1
6025 6027 1
6027 6280 1
6028 6029 1
6029 6031 1
6031 6304 1
6032 6033 1
6033 6035 1
6035 6272 1
6036 6037 1
6037 6039 1
6039 6552 1
6040 6041 1
6041 6043 1
6043 6560 1
6044 6045 1
6045 6047 1
6047 6296 1
6048 6049 1
6049 6051 1
6051 6564 1
6052 6053 1
6053 6055 1
6055 6556 1
6056 6057 1
6057 6059 1
6059 6368 1
6060 6061 1
6061 6063 1
6063 6380 1
6064 6065 1
6065 6067 1
6067 6540 1
6068 6069 1
6069 6071 1
6071 6544 1
6072 6073 1
6073 6075 1
6075 6548 1
6076 6077 1
6077 6079 1
6079 6672 1
6080 6081 1
6081 6083 1
6083 6676 1
6084 6085 1
6085 6087 1
6087 6580 1
6088 6089 1
6089 6091 1
6091 6584 1
6092 6093 1
6093 6095 1
6095 6588 1
6096 6097 1
6097 6099 1
6099 6592 1
6100 6101 1
6101 6103 1
6103 6604 1
6104 6105 1
6105 6107 1
6107 6608 1
6108 6109 1
6109 6111 1
6111 6412 1
6116 6117 1
6117 6119 1
6119 6612 1
6120 6121 1
6121 6123 1
6123 6616 1
6124 6125 1
6125 6127 1
6127 6640 1
6128 6129 1
6129 6131 1
6131 6644 1
6132 6133 1
6133 6135 1
6135 6620 1
6136 6137 1
6137 6139 1
6139 6624 1
6140 6141 1
6141 6143 1
6143 6420 1
6144 6145 1
6145 6147 1
6147 6636 1
6148 6149 1
6149 6151 1
6151 6628 1
6152 6153 1
6153 6155 1
6155 6632 1
6156 6157 1
6157 6159 1
6159 6664 1
6160 6161 1
6161 6163 1
6163 6668 1
6164 6165 1
6165 6167 1
6167 6656 1
6168 6169 1
6169 6171 1
6171 6660 1
6172 6173 1
6173 6175 1
6175 6648 1
6176 6177 1
6177 6179 1
6179 6652 1
6180 6181 1
6181 6183 1
6183 6524 1
6184 6185 1
6185 6187 1
6187 6528 1
6188 6189 1
6189 6191 1
6191 8229 1
6192 6193 1
6193 6195 1
6195 8229 1
6196 6197 1
6197 6199 1
6199 8229 1
6200 6201 1
6201 6203 1
6203 8229 1
6204 6205 1
6205 6207 1
6207 8229 1
6208 6209 1
6209 6211 1
6211 8229 1
6212 6213 1
6213 6215 1
6215 8229 1
6216 6217 1
6217 6219 1
6219 6716 1
6220 6221 1
6221 6223 1
6223 8229 1
6224 6225 1
6225 6227 1
6227 6712 1
6228 6229 1
6229 6231 1
6231 6860 1
6232 6233 1
6233 6235 1
6235 6704 1
6236 6237 1
6237 6239 1
6239 6708 1
6240 6241 1
6241 6243 1
6243 8229 1
6244 6245 1
6245 6247 1
6247 8229 1
6248 6249 1
6249 6251 1
6251 8229 1
6252 6253 1
6253 6255 1
6255 8229 1
6256 6257 1
6257 6259 1
6259 8229 1
6260 6261 1
6261 6263 1
6263 8229 1
6268 6269 1
6269 6271 1
6271 6740 1
6272 6273 1
6273 6275 1
6275 6756 1
6276 6277 1
6277 6279 1
6279 8229 1
6280 6281 1
6281 6283 1
6283 6900 1
6284 6285 1
6285 6287 1
6287 6744 1
6288 6289 1
6289 6291 1
6291 8229 1
6292 6293 1
6293 6295 1
6295 6748 1
6296 6297 1
6297 6299 1
6299 6908 1
6300 6301 1
6301 6303 1
6303 6760 1
6304 6305 1
6305 6307 1
6307 6904 1
6308 6309 1
6309 6311 1
6311 6884 1
6312 6313 1
6313 6315 1
6315 8229 1
6316 6317 1
6317 6319 1
6319 8229 1
6320 6321 1
6321 6323 1
6323 8229 1
6324 6325 1
6325 6327 1
6327 8229 1
6328 6329 1
6329 6331 1
6331 8229 1
6332 6333 1
6333 6335 1
6335 8229 1
6336 6337 1
6337 6339 1
6339 6772 1
6340 6341 1
6341 6343 1
6343 6892 1
6344 6345 1
6345 6347 1
6347 8229 1
6348 6349 1
6349 6351 1
6351 8229 1
6352 6353 1
6353 6355 1
6355 6876 1
6356 6357 1
6357 6359 1
6359 6788 1
6360 6361 1
6361 6363 1
6363 6800 1
6364 6365 1
6365 6367 1
6367 6804 1
6368 6369 1
6369 6371 1
6371 6792 1
6372 6373 1
6373 6375 1
6375 6808 1
6376 6377 1
6377 6379 1
6379 8229 1
6380 6381 1
6381 6383 1
6383 6960 1
6384 6385 1
6385 6387 1
6387 6824 1
6388 6389 1
6389 6391 1
6391 6828 1
6392 6393 1
6393 6395 1
6395 8229 1
6396 6397 1
6397 6399 1
6399 6832 1
6400 6401 1
6401 6403 1
6403 8229 1
6404 6405 1
6405 6407 1
6407 8229 1
6408 6409 1
6409 6411 1
6411 8229 1
6412 6413 1
6413 6415 1
6415 6840 1
6416 6417 1
6417 6419 1
6419 8229 1
6420 6421 1
6421 6423 1
6423 6844 1
6424 6425 1
6425 6427 1
6427 6848 1
6428 6429 1
6429 6431 1
6431 6852 1
6432 6433 1
6433 6435 1
6435 6856 1
6436 6437 1
6437 6439 1
6439 8229 1
6440 6441 1
6441 6443 1
6443 8229 1
6444 6445 1
6445 6447 1
6447 8229 1
6448 6449 1
6449 6451 1
6451 8229 1
6452 6453 1
6453 6455 1
6455 8229 1
6456 6457 1
6457 6459 1
6459 8229 1
6460 6461 1
6461 6463 1
6463 6696 1
6464 6465 1
6465 6467 1
6467 8229 1
6468 6469 1
6469 6471 1
6471 6864 1
6472 6473 1
6473 6475 1
6475 6692 1
6476 6477 1
6477 6479 1
6479 6700 1
6480 6481 1
6481 6483 1
6483 8229 1
6484 6485 1
6485 6487 1
6487 8229 1
6488 6489 1
6489 6491 1
6491 8229 1
6492 6493 1
6493 6495 1
6495 8229 1
6496 6497 1
6497 6499 1
6499 8229 1
6500 6501 1
6501 6503 1
6503 7052 1
6504 6505 1
6505 6507 1
6507 6736 1
6508 6509 1
6509 6511 1
6511 7056 1
6512 6513 1
6513 6515 1
6515 6928 1
6516 6517 1
6517 6519 1
6519 6932 1
6520 6521 1
6521 6523 1
6523 6784 1
6524 6525 1
6525 6527 1
6527 7060 1
6528 6529 1
6529 6531 1
6531 6896 1
6532 6533 1
6533 6535 1
6535 6776 1
6536 6537 1
6537 6539 1
6539 7064 1
6540 6541 1
6541 6543 1
6543 6916 1
6544 6545 1
6545 6547 1
6547 6920 1
6548 6549 1
6549 6551 1
6551 6924 1
6552 6553 1
6553 6555 1
6555 6872 1
6556 6557 1
6557 6559 1
6559 6956 1
6560 6561 1
6561 6563 1
6563 6868 1
6564 6565 1
6565 6567 1
6567 6880 1
6568 6569 1
6569 6571 1
6571 6952 1
6572 6573 1
6573 6575 1
6575 6948 1
6580 6581 1
6581 6583 1
6583 6964 1
6584 6585 1
6585 6587 1
6587 6968 1
6588 6589 1
6589 6591 1
6591 6972 1
6592 6593 1
6593 6595 1
6595 6976 1
6596 6597 1
6597 6599 1
6599 6836 1
6604 6605 1
6605 6607 1
6607 6980 1
6608 6609 1
6609 6611 1
6611 6984 1
6612 6613 1
6613 6615 1
6615 7016 1
6616 6617 1
6617 6619 1
6619 8229 1
6620 6621 1
6621 6623 1
6623 6996 1
6624 6625 1
6625 6627 1
6627 7000 1
6628 6629 1
6629 6631 1
6631 7008 1
6632 6633 1
6633 6635 1
6635 7012 1
6636 6637 1
6637 6639 1
6639 7004 1
6640 6641 1
6641 6643 1
6643 6992 1
6644 6645 1
6645 6647 1
6647 6988 1
6648 6649 1
6649 6651 1
6651 7044 1
6652 6653 1
6653 6655 1
6655 7048 1
6656 6657 1
6657 6659 1
6659 7028 1
6660 6661 1
6661 6663 1
6663 7032 1
6664 6665 1
6665 6667 1
6667 7020 1
6668 6669 1
6669 6671 1
6671 7024 1
6672 6673 1
6673 6675 1
6675 7036 1
6676 6677 1
6677 6679 1
6679 7040 1
6680 6681 1
6681 6683 1
6683 8229 1
6684 6685 1
6685 6687 1
6687 7072 1
6688 6689 1
6689 6691 1
6691 8229 1
6692 6693 1
6693 6695 1
6695 7224 1
6696 6697 1
6697 6699 1
6699 7080 1
6700 6701 1
6701 6703 1
6703 7228 1
6704 6705 1
6705 6707 1
6707 7084 1
6708 6709 1
6709 6711 1
6711 7092 1
6712 6713 1
6713 6715 1
6715 7088 1
6716 6717 1
6717 6719 1
6719 7096 1
6720 6721 1
6721 6723 1
6723 8229 1
6724 6725 1
6725 6727 1
6727 8229 1
6728 6729 1
6729 6731 1
6731 8229 1
6732 6733 1
6733 6735 1
6735 8229 1
6736 6737 1
6737 6739 1
6739 7112 1
6740 6741 1
6741 6743 1
6743 8229 1
6744 6745 1
6745 6747 1
6747 7120 1
6748 6749 1
6749 6751 1
6751 7128 1
6752 6753 1
6753 6755 1
6755 8229 1
6756 6757 1
6757 6759 1
6759 7124 1
6760 6761 1
6761 6763 1
6763 7132 1
6764 6765 1
6765 6767 1
6767 8229 1
6768 6769 1
6769 6771 1
6771 7136 1
6772 6773 1
6773 6775 1
6775 7264 1
6776 6777 1
6777 6779 1
6779 7144 1
6780 6781 1
6781 6783 1
6783 7152 1
6784 6785 1
6785 6787 1
6787 8229 1
6788 6789 1
6789 6791 1
6791 7164 1
6792 6793 1
6793 6795 1
6795 7168 1
6796 6797 1
6797 6799 1
6799 8229 1
6800 6801 1
6801 6803 1
6803 7288 1
6804 6805 1
6805 6807 1
6807 7172 1
6808 6809 1
6809 6811 1
6811 7176 1
6812 6813 1
6813 6815 1
6815 8229 1
6816 6817 1
6817 6819 1
6819 8229 1
6820 6821 1
6821 6823 1
6823 7184 1
6824 6825 1
6825 6827 1
6827 7192 1
6828 6829 1
6829 6831 1
6831 7180 1
6832 6833 1
6833 6835 1
6835 7188 1
6836 6837 1
6837 6839 1
6839 7196 1
6840 6841 1
6841 6843 1
6843 7200 1
6844 6845 1
6845 6847 1
6847 7208 1
6848 6849 1
6849 6851 1
6851 7216 1
6852 6853 1
6853 6855 1
6855 7212 1
6856 6857 1
6857 6859 1
6859 7220 1
6860 6861 1
6861 6863 1
6863 7240 1
6864 6865 1
6865 6867 1
6867 7236 1
6868 6869 1
6869 6871 1
6871 7284 1
6872 6873 1
6873 6875 1
6875 7320 1
6876 6877 1
6877 6879 1
6879 7280 1
6880 6881 1
6881 6883 1
6883 7324 1
6884 6885 1
6885 6887 1
6887 7256 1
6892 6893 1
6893 6895 1
6895 7328 1
6896 6897 1
6897 6899 1
6899 7260 1
6900 6901 1
6901 6903 1
6903 7292 1
6904 6905 1
6905 6907 1
6907 7296 1
6908 6909 1
6909 6911 1
6911 7272 1
6916 6917 1
6917 6919 1
6919 7308 1
6920 6921 1
6921 6923 1
6923 7312 1
6924 6925 1
6925 6927 1
6927 7316 1
6928 6929 1
6929 6931 1
6931 7300 1
6932 6933 1
6933 6935 1
6935 7304 1
6936 6937 1
6937 6939 1
6939 7356 1
6940 6941 1
6941 6943 1
6943 7360 1
6944 6945 1
6945 6947 1
6947 8229 1
6948 6949 1
6949 6951 1
6951 7352 1
6952 6953 1
6953 6955 1
6955 7140 1
6956 6957 1
6957 6959 1
6959 7160 1
6960 6961 1
6961 6963 1
6963 8229 1
6964 6965 1
6965 6967 1
6967 7344 1
6968 6969 1
6969 6971 1
6971 7348 1
6972 6973 1
6973 6975 1
6975 7364 1
6976 6977 1
6977 6979 1
6979 7368 1
6980 6981 1
6981 6983 1
6983 7372 1
6984 6985 1
6985 6987 1
6987 7376 1
6988 6989 1
6989 6991 1
6991 7388 1
6992 6993 1
6993 6995 1
6995 7384 1
6996 6997 1
6997 6999 1
6999 7400 1
7000 7001 1
7001 7003 1
7003 7404 1
7004 7005 1
7005 7007 1
7007 7412 1
7008 7009 1
7009 7011 1
7011 7416 1
7012 7013 1
7013 7015 1
7015 7408 1
7016 7017 1
7017 7019 1
7019 7204 1
7020 7021 1
7021 7023 1
7023 7420 1
7024 7025 1
7025 7027 1
7027 7424 1
7028 7029 1
7029 7031 1
7031 7428 1
7032 7033 1
7033 7035 1
7035 7432 1
7036 7037 1
7037 7039 1
7039 7336 1
7040 7041 1
7041 7043 1
7043 7340 1
7044 7045 1
7045 7047 1
7047 7380 1
7048 7049 1
7049 7051 1
7051 7392 1
7052 7053 1
7053 7055 1
7055 7244 1
7056 7057 1
7057 7059 1
7059 7248 1
7060 7061 1
7061 7063 1
7063 7252 1
7064 7065 1
7065 7067 1
7067 7268 1
7068 7069 1
7069 7071 1
7071 8229 1
7072 7073 1
7073 7075 1
7075 7448 1
7076 7077 1
7077 7079 1
7079 8229 1
7080 7081 1
7081 7083 1
7083 7460 1
7084 7085 1
7085 7087 1
7087 7468 1
7088 7089 1
7089 7091 1
7091 7476 1
7092 7093 1
7093 7095 1
7095 7484 1
7096 7097 1
7097 7099 1
7099 7472 1
7100 7101 1
7101 7103 1
7103 8229 1
7104 7105 1
7105 7107 1
7107 8229 1
7108 7109 1
7109 7111 1
7111 8229 1
7112 7113 1
7113 7115 1
7115 7492 1
7116 7117 1
7117 7119 1
7119 8229 1
7120 7121 1
7121 7123 1
7123 7504 1
7124 7125 1
7125 7127 1
7127 7500 1
7128 7129 1
7129 7131 1
7131 7508 1
7132 7133 1
7133 7135 1
7135 7512 1
7136 7137 1
7137 7139 1
7139 7516 1
7140 7141 1
7141 7143 1
7143 7704 1
7144 7145 1
7145 7147 1
7147 7688 1
7148 7149 1
7149 7151 1
7151 7548 1
7152 7153 1
7153 7155 1
7155 7524 1
7156 7157 1
7157 7159 1
7159 7528 1
7160 7161 1
7161 7163 1
7163 7652 1
7164 7165 1
7165 7167 1
7167 7536 1
7168 7169 1
7169 7171 1
7171 7540 1
7172 7173 1
7173 7175 1
7175 7552 1
7176 7177 1
7177 7179 1
7179 7544 1
7180 7181 1
7181 7183 1
7183 7560 1
7184 7185 1
7185 7187 1
7187 7564 1
7188 7189 1
7189 7191 1
7191 7572 1
7192 7193 1
7193 7195 1
7195 7568 1
7196 7197 1
7197 7199 1
7199 7576 1
7200 7201 1
7201 7203 1
7203 7580 1
7204 7205 1
7205 7207 1
7207 7748 1
7208 7209 1
7209 7211 1
7211 7584 1
7212 7213 1
7213 7215 1
7215 7592 1
7216 7217 1
7217 7219 1
7219 7596 1
7220 7221 1
7221 7223 1
7223 7600 1
7224 7225 1
7225 7227 1
7227 7604 1
7228 7229 1
7229 7231 1
7231 7612 1
7236 7237 1
7237 7239 1
7239 7788 1
7240 7241 1
7241 7243 1
7243 7792 1
7244 7245 1
7245 7247 1
7247 7812 1
7248 7249 1
7249 7251 1
7251 7816 1
7252 7253 1
7253 7255 1
7255 7820 1
7256 7257 1
7257 7259 1
7259 7616 1
7260 7261 1
7261 7263 1
7263 7684 1
7264 7265 1
7265 7267 1
7267 7520 1
7268 7269 1
7269 7271 1
7271 7824 1
7272 7273 1
7273 7275 1
7275 7620 1
7276 7277 1
7277 7279 1
7279 7624 1
7280 7281 1
7281 7283 1
7283 7532 1
7284 7285 1
7285 7287 1
7287 7644 1
7288 7289 1
7289 7291 1
7291 7556 1
7292 7293 1
7293 7295 1
7295 7632 1
7296 7297 1
7297 7299 1
7299 7640 1
7300 7301 1
7301 7303 1
7303 7628 1
7304 7305 1
7305 7307 1
7307 7636 1
7308 7309 1
7309 7311 1
7311 7664 1
7312 7313 1
7313 7315 1
7315 7668 1
7316 7317 1
7317 7319 1
7319 7672 1
7320 7321 1
7321 7323 1
7323 7648 1
7324 7325 1
7325 7327 1
7327 7660 1
7328 7329 1
7329 7331 1
7331 7676 1
7332 7333 1
7333 7335 1
7335 7680 1
7336 7337 1
7337 7339 1
7339 7708 1
7340 7341 1
7341 7343 1
7343 7712 1
7344 7345 1
7345 7347 1
7347 7716 1
7348 7349 1
7349 7351 1
7351 7720 1
7352 7353 1
7353 7355 1
7355 7700 1
7356 7357 1
7357 7359 1
7359 8229 1
7360 7361 1
7361 7363 1
7363 7696 1
7364 7365 1
7365 7367 1
7367 7724 1
7368 7369 1
7369 7371 1
7371 7728 1
7372 7373 1
7373 7375 1
7375 7732 1
7376 7377 1
7377 7379 1
7379 7736 1
7380 7381 1
7381 7383 1
7383 7740 1
7384 7385 1
7385 7387 1
7387 7744 1
7388 7389 1
7389 7391 1
7391 7804 1
7392 7393 1
7393 7395 1
7395 7588 1
7396 7397 1
7397 7399 1
7399 7808 1
7400 7401 1
7401 7403 1
7403 7756 1
7404 7405 1
7405 7407 1
7407 7760 1
7408 7409 1
7409 7411 1
7411 8229 1
7412 7413 1
7413 7415 1
7415 7764 1
7416 7417 1
7417 7419 1
7419 7768 1
7420 7421 1
7421 7423 1
7423 7780 1
7424 7425 1
7425 7427 1
7427 7784 1
7428 7429 1
7429 7431 1
7431 7772 1
7432 7433 1
7433 7435 1
7435 7776 1
7436 7437 1
7437 7439 1
7439 7796 1
7440 7441 1
7441 7443 1
7443 7800 1
7444 7445 1
7445 7447 1
7447 8229 1
7448 7449 1
7449 7451 1
7451 7828 1
7452 7453 1
7453 7455 1
7455 8229 1
7456 7457 1
7457 7459 1
7459 8229 1
7460 7461 1
7461 7463 1
7463 7972 1
7464 7465 1
7465 7467 1
7467 7996 1
7468 7469 1
7469 7471 1
7471 7844 1
7472 7473 1
7473 7475 1
7475 7840 1
7476 7477 1
7477 7479 1
7479 7988 1
7480 7481 1
7481 7483 1
7483 8229 1
7484 7485 1
7485 7487 1
7487 7848 1
7488 7489 1
7489 7491 1
7491 7852 1
7492 7493 1
7493 7495 1
7495 8004 1
7496 7497 1
7497 7499 1
7499 7856 1
7500 7501 1
7501 7503 1
7503 7860 1
7504 7505 1
7505 7507 1
7507 8204 1
7508 7509 1
7509 7511 1
7511 7864 1
7512 7513 1
7513 7515 1
7515 7976 1
7516 7517 1
7517 7519 1
7519 7876 1
7520 7521 1
7521 7523 1
7523 8012 1
7524 7525 1
7525 7527 1
7527 8229 1
7528 7529 1
7529 7531 1
7531 7896 1
7532 7533 1
7533 7535 1
7535 8028 1
7536 7537 1
7537 7539 1
7539 7904 1
7540 7541 1
7541 7543 1
7543 8068 1
7544 7545 1
7545 7547 1
7547 8208 1
7548 7549 1
7549 7551 1
7551 8229 1
7552 7553 1
7553 7555 1
7555 7912 1
7556 7557 1
7557 7559 1
7559 8020 1
7560 7561 1
7561 7563 1
7563 7924 1
7564 7565 1
7565 7567 1
7567 7920 1
7568 7569 1
7569 7571 1
7571 7928 1
7572 7573 1
7573 7575 1
7575 7932 1
7576 7577 1
7577 7579 1
7579 7936 1
7580 7581 1
7581 7583 1
7583 8180 1
7584 7585 1
7585 7587 1
7587 8188 1
7588 7589 1
7589 7591 1
7591 7948 1
7592 7593 1
7593 7595 1
7595 7960 1
7596 7597 1
7597 7599 1
7599 7952 1
7600 7601 1
7601 7603 1
7603 7956 1
7604 7605 1
7605 7607 1
7607 7980 1
7612 7613 1
7613 7615 1
7615 7984 1
7616 7617 1
7617 7619 1
7619 8084 1
7620 7621 1
7621 7623 1
7623 8056 1
7624 7625 1
7625 7627 1
7627 8064 1
7628 7629 1
7629 7631 1
7631 8044 1
7632 7633 1
7633 7635 1
7635 8048 1
7636 7637 1
7637 7639 1
7639 8052 1
7640 7641 1
7641 7643 1
7643 7872 1
7644 7645 1
7645 7647 1
7647 8040 1
7648 7649 1
7649 7651 1
7651 8016 1
7652 7653 1
7653 7655 1
7655 8032 1
7656 7657 1
7657 7659 1
7659 8024 1
7660 7661 1
7661 7663 1
7663 8036 1
7664 7665 1
7665 7667 1
7667 8072 1
7668 7669 1
7669 7671 1
7671 8076 1
7672 7673 1
7673 7675 1
7675 8080 1
7676 7677 1
7677 7679 1
7679 8088 1
7680 7681 1
7681 7683 1
7683 8092 1
7684 7685 1
7685 7687 1
7687 8100 1
7688 7689 1
7689 7691 1
7691 7884 1
7692 7693 1
7693 7695 1
7695 8229 1
7696 7697 1
7697 7699 1
7699 8229 1
7700 7701 1
7701 7703 1
7703 8104 1
7704 7705 1
7705 7707 1
7707 8108 1
7708 7709 1
7709 7711 1
7711 8120 1
7712 7713 1
7713 7715 1
7715 8124 1
7716 7717 1
7717 7719 1
7719 8132 1
7720 7721 1
7721 7723 1
7723 8136 1
7724 7725 1
7725 7727 1
7727 7908 1
7728 7729 1
7729 7731 1
7731 7916 1
7732 7733 1
7733 7735 1
7735 8140 1
7736 7737 1
7737 7739 1
7739 8144 1
7740 7741 1
7741 7743 1
7743 8148 1
7744 7745 1
7745 7747 1
7747 8156 1
7748 7749 1
7749 7751 1
7751 7944 1
7756 7757 1
7757 7759 1
7759 8176 1
7760 7761 1
7761 7763 1
7763 8168 1
7764 7765 1
7765 7767 1
7767 8164 1
7768 7769 1
7769 7771 1
7771 8172 1
7772 7773 1
7773 7775 1
7775 8184 1
7776 7777 1
7777 7779 1
7779 8192 1
7780 7781 1
7781 7783 1
7783 8212 1
7784 7785 1
7785 7787 1
7787 8216 1
7788 7789 1
7789 7791 1
7791 8196 1
7792 7793 1
7793 7795 1
7795 8200 1
7796 7797 1
7797 7799 1
7799 8112 1
7800 7801 1
7801 7803 1
7803 8116 1
7804 7805 1
7805 7807 1
7807 8152 1
7808 7809 1
7809 7811 1
7811 8160 1
7812 7813 1
7813 7815 1
7815 8000 1
7816 7817 1
7817 7819 1
7819 8008 1
7820 7821 1
7821 7823 1
7823 8220 1
7824 7825 1
7825 7827 1
7827 8224 1
7828 7829 1
7829 7831 1
7831 8229 1
7832 7833 1
7833 7835 1
7835 8229 1
7836 7837 1
7837 7839 1
7839 8229 1
7840 7841 1
7841 7843 1
7843 8229 1
7844 7845 1
7845 7847 1
7847 8229 1
7848 7849 1
7849 7851 1
7851 8229 1
7852 7853 1
7853 7855 1
7855 8229 1
7856 7857 1
7857 7859 1
7859 8229 1
7860 7861 1
7861 7863 1
7863 8229 1
7864 7865 1
7865 7867 1
7867 8229 1
7868 7869 1
7869 7871 1
7871 8229 1
7872 7873 1
7873 7875 1
7875 8229 1
7876 7877 1
7877 7879 1
7879 8229 1
7880 7881 1
7881 7883 1
7883 8229 1
7884 7885 1
7885 7887 1
7887 8229 1
7888 7889 1
7889 7891 1
7891 8229 1
7892 7893 1
7893 7895 1
7895 8229 1
7896 7897 1
7897 7899 1
7899 8229 1
7900 7901 1
7901 7903 1
7903 8229 1
7904 7905 1
7905 7907 1
7907 8229 1
7908 7909 1
7909 7911 1
7911 8229 1
7912 7913 1
7913 7915 1
7915 8229 1
7916 7917 1
7917 7919 1
7919 8229 1
7920 7921 1
7921 7923 1
7923 8229 1
7924 7925 1
7925 7927 1
7927 8229 1
7928 7929 1
7929 7931 1
7931 8229 1
7932 7933 1
7933 7935 1
7935 8229 1
7936 7937 1
7937 7939 1
7939 8229 1
7940 7941 1
7941 7943 1
7943 8229 1
7944 7945 1
7945 7947 1
7947 8229 1
7948 7949 1
7949 7951 1
7951 8229 1
7952 7953 1
7953 7955 1
7955 8229 1
7956 7957 1
7957 7959 1
7959 8229 1
7960 7961 1
7961 7963 1
7963 8229 1
7964 7965 1
7965 7967 1
7967 8229 1
7968 7969 1
7969 7971 1
7971 8229 1
7972 7973 1
7973 7975 1
7975 8229 1
7976 7977 1
7977 7979 1
7979 8229 1
7980 7981 1
7981 7983 1
7983 8229 1
7984 7985 1
7985 7987 1
7987 8229 1
7988 7989 1
7989 7991 1
7991 8229 1
7992 7993 1
7993 7995 1
7995 8229 1
7996 7997 1
7997 7999 1
7999 8229 1
8000 8001 1
8001 8003 1
8003 8229 1
8004 8005 1
8005 8007 1
8007 8229 1
8008 8009 1
8009 8011 1
8011 8229 1
8012 8013 1
8013 8015 1
8015 8229 1
8016 8017 1
8017 8019 1
8019 8229 1
8020 8021 1
8021 8023 1
8023 8229 1
8024 8025 1
8025 8027 1
8027 8229 1
8028 8029 1
8029 8031 1
8031 8229 1
8032 8033 1
8033 8035 1
8035 8229 1
8036 8037 1
8037 8039 1
8039 8229 1
8040 8041 1
8041 8043 1
8043 8229 1
8044 8045 1
8045 8047 1
8047 8229 1
8048 8049 1
8049 8051 1
8051 8229 1
8052 8053 1
8053 8055 1
8055 8229 1
8056 8057 1
8057 8059 1
8059 8229 1
8064 8065 1
8065 8067 1
8067 8229 1
8068 8069 1
8069 8071 1
8071 8229 1
8072 8073 1
8073 8075 1
8075 8229 1
8076 8077 1
8077 8079 1
8079 8229 1
8080 8081 1
8081 8083 1
8083 8229 1
8084 8085 1
8085 8087 1
8087 8229 1
8088 8089 1
8089 8091 1
8091 8229 1
8092 8093 1
8093 8095 1
8095 8229 1
8100 8101 1
8101 8103 1
8103 8229 1
8104 8105 1
8105 8107 1
8107 8229 1
8108 8109 1
8109 8111 1
8111 8229 1
8112 8113 1
8113 8115 1
8115 8229 1
8116 8117 1
8117 8119 1
8119 8229 1
8120 8121 1
8121 8123 1
8123 8229 1
8124 8125 1
8125 8127 1
8127 8229 1
8132 8133 1
8133 8135 1
8135 8229 1
8136 8137 1
8137 8139 1
8139 8229 1
8140 8141 1
8141 8143 1
8143 8229 1
8144 8145 1
8145 8147 1
8147 8229 1
8148 8149 1
8149 8151 1
8151 8229 1
8152 8153 1
8153 8155 1
8155 8229 1
8156 8157 1
8157 8159 1
8159 8229 1
8160 8161 1
8161 8163 1
8163 8229 1
8164 8165 1
8165 8167 1
8167 8229 1
8168 8169 1
8169 8171 1
8171 8229 1
8172 8173 1
8173 8175 1
8175 8229 1
8176 8177 1
8177 8179 1
8179 8229 1
8180 8181 1
8181 8183 1
8183 8229 1
8184 8185 1
8185 8187 1
8187 8229 1
8188 8189 1
8189 8191 1
8191 8229 1
8192 8193 1
8193 8195 1
8195 8229 1
8196 8197 1
8197 8199 1
8199 8229 1
8200 8201 1
8201 8203 1
8203 8229 1
8204 8205 1
8205 8207 1
8207 8229 1
8208 8209 1
8209 8211 1
8211 8229 1
8212 8213 1
8213 8215 1
8215 8229 1
8216 8217 1
8217 8219 1
8219 8229 1
8220 8221 1
8221 8223 1
8223 8229 1
8224 8225 1
8225 8227 1
8227 8229 1
8228 284 1
8228 4668 1
8228 2752 1
8228 2732 1
8228 6732 1
8228 3324 1
8228 288 1
8228 356 1
8228 332 1
8228 2116 1
8228 7456 1
8228 5248 1
8228 296 1
8228 3280 1
8228 272 1
8228 5752 1
8228 5232 1
8228 2060 1
8228 404 1
8228 5324 1
8228 6780 1
8228 5372 1
8228 3376 1
8228 6492 1
8228 7692 1
8228 344 1
8228 964 1
8228 2716 1
8228 44 1
8228 4980 1
8228 7832 1
8228 6312 1
8228 80 1
8228 380 1
8228 6764 1
8228 5776 1
8228 16 1
8228 6812 1
8228 308 1
8228 1968 1
8228 5448 1
8228 392 1
8228 32 1
8228 7836 1
8228 960 1
8228 368 1
8228 6240 1
8228 568 1
8228 3404 1
8228 5376 1
8228 144 1
8228 3908 1
8228 320 1
8228 5720 1
8228 4512 1
8228 104 1
8228 4144 1
8228 176 1
8228 6344 1
8228 3800 1
8228 4732 1
8228 260 1
8228 256 1
8228 7100 1
8228 264 1
8228 248 1
8228 928 1
8228 7880 1
8228 7968 1
8228 7116 1
8228 7992 1
8228 2756 1
8228 6348 1
8228 7276 1
8228 312 1
8228 304 1
8228 7332 1
8228 24 1
8228 5236 1
8228 48 1
8228 188 1
8228 336 1
8228 2352 1
8228 5808 1
8228 7436 1
8228 152 1
8228 2276 1
8228 6256 1
8228 5436 1
8228 3960 1
8228 4464 1
8228 216 1
8228 5728 1
8228 5732 1
8228 280 1
8228 6572 1
8228 4880 1
8228 128 1
8228 384 1
8228 56 1
8228 3340 1
8228 92 1
8228 8 1
8228 0 1
8228 36 1
8228 84 1
8228 7892 1
8228 140 1
8228 224 1
8228 292 1
8228 192 1
8228 580 1
8228 20 1
8228 1816 1
8228 200 1
8228 2748 1
8228 276 1
8228 372 1
8228 396 1
8228 5876 1
8228 3848 1
8228 3868 1
8228 7480 1
8228 564 1
8228 68 1
8228 64 1
8228 360 1
8228 7148 1
8228 5388 1
8228 300 1
8228 6940 1
8228 7076 1
8228 5228 1
8228 324 1
8228 120 1
8228 352 1
8228 2896 1
8228 3836 1
8228 60 1
8228 6728 1
8228 5616 1
8228 212 1
8228 2952 1
8228 40 1
8228 328 1
8228 400 1
8228 4108 1
8228 236 1
8228 4480 1
8228 6796 1
8228 112 1
8228 6936 1
8228 72 1
8228 348 1
8228 2008 1
8228 4140 1
8228 4040 1
8228 2744 1
8228 2720 1
8228 2848 1
8228 5892 1
8228 2864 1
8228 5548 1
8228 2960 1
8228 28 1
8228 52 1
8228 124 1
8228 3100 1
8228 3124 1
8228 168 1
8228 196 1
8228 3220 1
8228 956 1
8228 240 1
8228 2420 1
8228 204 1
8228 316 1
8228 6260 1
8228 340 1
8228 7900 1
8228 116 1
8228 3368 1
8228 532 1
8228 5368 1
8228 2376 1
8228 5240 1
8228 2796 1
8228 3648 1
8228 3660 1
8228 6448 1
8228 5400 1
8228 3976 1
8228 268 1
8228 220 1
8228 5460 1
8228 3132 1
8228 5748 1
8228 5708 1
8228 12 1
8228 388 1
8228 156 1
8228 6752 1
8228 160 1
8228 944 1
8228 7444 1
8228 96 1
8228 4612 1
8228 252 1
8228 1856 1
8228 2016 1
8228 2064 1
8228 6316 1
8228 3636 1
8228 4636 1
8228 3208 1
8228 6720 1
8228 5244 1
8228 3204 1
8228 5880 1
8228 136 1
8228 7396 1
8228 2592 1
8228 7068 1
8228 6024 1
8228 5484 3
8228 2816 1
8228 2724 1
8228 6680 1
8228 2856 1
8228 2884 1
8228 208 3
8228 2712 1
8228 1244 1
8228 5464 1
8228 6768 1
8228 376 1
8228 5300 1
8228 76 1
8228 6008 1
8228 7440 1
8228 3160 1
8228 1764 1
8228 3652 1
8228 6288 1
8228 3724 1
8228 3968 1
8228 364 1
8228 148 1
8228 4156 1
8228 7156 1
8228 3872 1
8228 7964 1
8228 2900 1
8228 6324 1
8228 2728 1
8228 7108 1
8228 3520 1
8228 5260 1
8228 2852 1
8228 3120 1
8228 4856 1
8228 5380 1
8228 5712 1
8228 5452 1
8228 5304 1
8228 5384 1
8228 6816 1
8228 5432 1
8228 3216 1
8228 7452 1
8228 5456 1
8228 7868 1
8228 5420 1
8228 4112 1
8228 108 1
8228 4176 1
8228 5396 1
8228 6440 1
8228 6120 1
8228 5788 1
8228 1196 1
8228 5884 1
8228 6944 1
8228 3712 1
8228 1252 1
8228 5444 1
8228 6436 1
8228 6244 1
8228 3640 1
8228 6376 1
8228 6400 1
8228 6688 1
8228 6684 1
8228 6820 1
8228 1748 1
8228 4 1
8228 244 1
8228 6724 1
8228 7940 1
8228 3704 1
8228 5740 1
8228 3312 1
8228 4508 1
8228 172 1
8228 808 1
8228 7464 1
8228 3128 1
8228 4896 1
8228 3816 1
8228 2772 1
8228 3656 1
8228 5424 1
8228 6220 1
8228 7888 1
8228 4504 1
8228 7104 1
8228 6060 1
8228 7488 1
8228 3384 1
8228 88 1
8228 3176 1
8228 5416 1
8228 2860 1
8228 7656 1
8228 6404 1
8228 180 1
8228 132 1
8228 2872 1
8228 228 1
8228 5392 1
8228 2844 1
8228 5924 1
8228 100 1
8228 184 1
8228 7496 1
8228 232 1
8228 948 1
